1 [2]
2 [3,1]
3 [4,2]
4 [5,3]
5 [6,4]
6 [7,5]
7 [8,6]
8 [9,7]
9 [10,8]
10 [11,9]
11 [12,10]
12 [13,11]
13 [14,12]
14 [15,13]
15 [16,14]
16 [17,15]
17 [18,16]
18 [19,17]
19 [20,18]
20 [21,19]
21 [22,20]
22 [23,21]
23 [24,22]
24 [25,23]
25 [26,24]
26 [27,25]
27 [28,26]
28 [29,27]
29 [30,28]
30 [31,29]
31 [32,30]
32 [33,31]
33 [34,32]
34 [35,33]
35 [36,34]
36 [37,35]
37 [38,36]
38 [39,37]
39 [40,38]
40 [41,39]
41 [42,40]
42 [43,41]
43 [44,42]
44 [45,43]
45 [46,44]
46 [47,45]
47 [48,46]
48 [49,47]
49 [50,48]
50 [51,49]
51 [52,50]
-1 -1
1 [3,1,9,2,8,5,4]
2 [7,11,10,5,6,3,4]
3 [8,3,9,5,7,4,2]
4 [4,6,8,2,9,3,1]
5 [9,3,8,7,1,5,4]
6 [9,6,4,8,5,7,3]
7 [1,5,4,3,9,6,7]
8 [1,9,2,10,4,8,5]
9 [4,8,7,5,6,3,1]
10 [3,4,2,13,14,7,11]
11 [21,23,12,15,14,11,13]
12 [13,12,11,16,24,17,18]
13 [15,17,19,11,14,16,13]
14 [17,23,19,11,16,13,15]
15 [13,16,15,19,11,14,12]
16 [21,18,20,16,14,13,15]
17 [15,16,27,11,19,21,24]
18 [21,23,16,17,26,18,20]
19 [19,15,14,26,21,17,23]
20 [13,15,16,19,11,21,18]
21 [17,19,20,22,27,26,23]
22 [37,22,31,35,26,28,32]
23 [13,11,20,16,19,21,23]
24 [12,14,17,24,32,35,19]
25 [37,44,25,31,46,22,29]
26 [25,32,31,27,20,21,22]
27 [20,21,28,24,26,35,27]
28 [28,27,26,44,39,35,32]
29 [26,29,32,44,22,25,37]
30 [30,26,24,19,32,25,28]
31 [29,25,44,22,31,30,37]
32 [25,37,29,27,32,35,26]
33 [49,47,33,36,34,38,39]
34 [44,36,38,34,46,33,37]
35 [29,25,32,28,19,24,27]
36 [34,24,33,25,46,44,36]
37 [36,44,25,45,42,47,31]
38 [24,47,33,46,34,28,32]
39 [39,38,35,28,32,47,33]
40 [37,47,35,45,49,40,51]
41 [50,51,41,47,48,42,49]
42 [40,47,48,31,37,41,45]
43 [51,41,47,44,46,50,48]
44 [47,31,37,32,39,46,36]
45 [41,42,40,50,48,47,45]
46 [37,34,24,36,46,44,25]
47 [39,33,41,45,42,49,47]
48 [41,49,42,50,51,33,47]
49 [33,47,48,51,41,49,43]
50 [51,48,36,50,41,46,43]
51 [43,49,42,51,40,41,48]
-1 -1
52 [57,62,61,51,32,56,46]
53 [37,45,53,54,43,47,55]
54 [19,32,35,46,55,54,53]
55 [62,57,52,54,55,43,53]
56 [56,58,53,59,51,52,57]
57 [63,66,67,55,57,58,62]
58 [67,62,57,61,58,56,55]
59 [59,58,52,56,64,60,61]
60 [62,63,61,60,64,56,59]
61 [64,62,63,59,60,52,61]
62 [52,61,67,58,55,57,60]
63 [52,61,65,60,64,62,63]
64 [64,65,66,67,62,72,63]
65 [68,63,67,69,65,64,66]
66 [57,60,72,66,63,64,65]
67 [74,76,75,62,70,63,66]
68 [63,66,67,69,65,64,68]
69 [69,71,76,66,72,70,73]
70 [65,66,71,74,67,73,75]
71 [73,75,70,72,66,69,71]
72 [76,74,72,69,67,66,70]
73 [74,76,69,75,73,70,71]
74 [66,72,69,73,74,75,76]
75 [63,66,67,74,76,73,75]
76 [69,73,72,76,77,74,75]
1 [1,3,2,14,13,8,4]
2 [10,2,9,39,4,1,14]
3 [3,2,9,4,14,21,8]
4 [17,19,4,16,14,8,1]
5 [10,4,5,13,39,6,26]
6 [4,6,7,3,13,10,5]
7 [21,8,3,7,1,2,9]
8 [35,41,17,19,2,9,6]
9 [8,4,3,19,9,10,2]
10 [34,33,4,3,10,9,26]
11 [48,20,43,33,49,51,23]
12 [27,17,21,5,10,13,12]
13 [49,11,48,1,4,23,10]
14 [32,35,16,1,4,19,14]
15 [27,17,21,10,15,18,28]
16 [27,20,23,21,2,14,9]
17 [35,17,18,29,22,41,19]
18 [53,46,32,29,28,36,27]
19 [18,38,28,35,19,17,16]
20 [46,38,32,20,18,28,27]
21 [22,20,48,29,19,17,21]
22 [25,48,24,36,28,18,22]
23 [34,24,33,43,11,13,20]
24 [20,28,18,25,29,48,36]
25 [15,30,29,26,44,40,25]
26 [26,33,39,7,38,5,10]
27 [48,21,27,18,38,28,15]
28 [17,16,19,28,27,18,38]
29 [18,24,36,23,37,30,21]
30 [30,36,25,40,29,31,37]
31 [31,37,29,25,34,44,30]
32 [47,43,53,38,55,52,46]
33 [10,23,33,26,34,24,11]
34 [26,44,38,33,39,34,25]
35 [19,14,54,51,49,21,32]
36 [29,31,30,18,40,37,36]
37 [45,42,30,49,40,47,31]
38 [44,38,32,40,31,50,25]
39 [33,39,47,46,34,44,26]
40 [31,30,42,44,36,25,40]
41 [16,19,42,29,17,41,35]
42 [42,50,49,52,54,46,32]
43 [45,41,49,20,47,51,11]
44 [44,38,26,25,37,31,34]
45 [47,31,45,37,49,50,42]
46 [46,54,32,52,42,55,53]
47 [47,31,37,40,49,45,30]
48 [21,48,25,24,22,20,18]
49 [32,41,35,43,42,49,51]
50 [44,38,32,50,31,42,49]
51 [51,23,11,20,33,43,49]
-1 -1
77 [78,76]
78 [79,77]
79 [80,78]
80 [81,79]
81 [82,80]
82 [83,81]
83 [84,82]
84 [85,83]
85 [86,84]
86 [87,85]
87 [88,86]
88 [89,87]
89 [90,88]
90 [91,89]
91 [92,90]
92 [93,91]
93 [94,92]
94 [95,93]
95 [96,94]
96 [97,95]
97 [98,96]
98 [99,97]
99 [100,98]
100 [101,99]
101 [102,100]
52 [76,66,59,71,65,68,63]
53 [39,23,42,43,50,18,48]
54 [66,72,55,18,76,57,54]
55 [14,22,72,68,56,58,66]
56 [74,56,72,76,70,57,11]
57 [55,56,70,76,74,71,57]
58 [58,68,61,52,63,59,66]
59 [69,68,52,64,63,67,71]
60 [59,66,52,60,64,62,61]
61 [65,69,64,52,70,63,66]
62 [60,64,61,73,52,63,69]
63 [66,58,68,64,61,73,52]
64 [64,61,73,52,68,62,67]
65 [52,61,60,75,62,69,63]
66 [55,11,72,65,69,52,76]
67 [66,58,68,60,67,64,63]
68 [73,63,52,67,64,66,58]
69 [76,68,66,62,61,65,70]
70 [67,74,70,62,75,69,57]
71 [68,52,65,63,69,75,59]
72 [52,76,66,56,54,55,11]
73 [62,67,64,73,63,61,76]
74 [76,72,73,56,70,57,74]
75 [64,62,63,65,71,75,69]
76 [58,66,61,74,70,76,57]
1 [1,9,7,12,42,19,17]
2 [8,12,7,14,22,4,1]
3 [10,41,9,23,3,17,13]
4 [45,24,44,25,29,4,2]
5 [36,15,28,18,39,38,32]
6 [24,6,51,44,50,53,48]
7 [7,1,2,17,6,9,13]
8 [21,8,40,41,4,2,12]
9 [9,1,7,17,11,10,41]
10 [49,72,17,10,9,24,11]
11 [13,3,17,55,41,35,10]
12 [4,7,41,12,2,8,40]
13 [34,33,13,7,16,23,3]
14 [14,10,35,11,49,22,24]
15 [47,27,8,15,32,5,21]
16 [16,33,34,26,3,13,19]
17 [7,17,1,6,50,10,24]
18 [23,28,42,43,54,46,37]
19 [3,17,42,16,12,1,13]
20 [46,32,47,15,16,13,19]
21 [27,21,15,5,8,40,12]
22 [43,53,39,35,18,22,55]
23 [33,19,3,13,34,42,26]
24 [18,53,43,10,1,17,50]
25 [24,44,53,25,22,36,29]
26 [1,4,2,23,8,13,33]
27 [27,21,15,20,32,47,54]
28 [28,5,32,29,36,15,18]
29 [43,18,53,22,36,48,35]
30 [31,15,29,37,25,30,36]
31 [40,24,49,30,29,36,31]
32 [29,48,27,15,51,45,5]
33 [16,3,13,46,23,33,34]
34 [16,13,19,23,33,3,34]
35 [17,50,24,55,56,10,11]
36 [28,25,29,22,35,30,36]
37 [20,21,29,37,27,30,18]
38 [42,13,33,3,34,5,16]
39 [55,39,18,13,28,42,50]
40 [40,8,30,4,24,49,31]
41 [72,11,14,10,41,9,55]
42 [53,46,18,39,33,23,28]
43 [46,37,18,54,43,48,53]
44 [47,44,50,32,51,45,24]
45 [45,49,9,53,51,48,47]
46 [17,45,51,23,47,50,38]
47 [19,47,20,38,23,46,32]
48 [48,5,32,15,27,29,45]
49 [36,31,12,4,8,40,24]
50 [48,51,6,32,24,44,43]
51 [53,48,6,17,11,14,24]
-1 -1
77 [86,81,82,79,83,80,76]
78 [81,78,84,77,80,82,83]
79 [68,65,70,79,66,83,82]
80 [80,83,86,82,77,79,74]
81 [87,81,77,79,83,82,86]
82 [83,82,85,86,77,81,79]
83 [81,79,82,83,80,86,77]
84 [83,66,79,86,77,81,78]
85 [85,88,89,78,83,86,79]
86 [77,78,83,86,89,85,84]
87 [89,82,85,79,87,78,86]
88 [99,101,90,94,88,100,89]
89 [89,93,90,82,91,88,85]
90 [99,94,97,88,85,89,93]
91 [92,96,78,97,94,93,90]
92 [91,90,93,88,94,78,96]
93 [81,86,87,101,95,90,91]
94 [91,99,88,93,90,96,97]
95 [95,94,99,92,91,93,101]
96 [90,91,98,97,94,92,100]
97 [85,88,98,100,89,96,94]
98 [94,97,91,100,99,101,98]
99 [99,101,93,98,100,96,91]
100 [96,99,101,91,100,89,88]
101 [96,91,99,92,97,98,100]
52 [68,59,62,67,52,58,64]
53 [40,25,2,11,15,38,18]
54 [32,73,54,71,74,61,60]
55 [1,43,22,47,41,55,45]
56 [72,54,71,74,36,41,76]
57 [57,73,69,41,24,30,76]
58 [75,65,59,64,58,67,63]
59 [64,59,52,14,58,62,68]
60 [57,71,74,41,24,54,65]
61 [61,72,71,54,69,32,70]
62 [70,63,64,68,62,59,67]
63 [65,63,70,74,67,61,75]
64 [70,75,63,59,52,62,58]
65 [65,74,60,61,71,70,75]
66 [66,77,74,79,56,76,70]
67 [75,60,65,64,62,58,63]
68 [63,71,70,41,24,14,52]
69 [44,19,7,6,34,18,57]
70 [83,82,79,70,63,68,65]
71 [36,56,41,71,72,57,54]
72 [32,70,61,60,71,72,69]
73 [73,54,41,24,30,57,76]
74 [70,66,56,81,78,80,77]
75 [59,62,70,63,67,65,75]
76 [73,54,76,17,37,56,57]
1 [35,11,13,22,17,1,47]
2 [40,29,34,26,2,38,53]
3 [17,50,6,4,48,5,16]
4 [23,42,3,22,17,7,20]
5 [5,13,4,6,3,47,48]
6 [6,4,3,44,16,7,20]
7 [15,27,10,29,19,7,69]
8 [76,37,56,8,26,18,30]
9 [46,23,9,3,17,49,31]
10 [10,44,35,32,56,37,20]
11 [39,54,42,13,16,38,15]
12 [6,44,7,12,10,1,20]
13 [47,1,7,10,35,11,48]
14 [36,56,41,25,24,59,62]
15 [47,4,17,18,53,38,11]
16 [6,4,3,38,20,16,23]
17 [17,23,6,9,44,13,3]
18 [76,44,37,51,56,8,26]
19 [57,69,27,29,10,7,43]
20 [20,5,30,6,7,12,4]
21 [21,15,39,2,51,46,27]
22 [48,12,1,22,45,47,43]
23 [46,23,53,7,20,6,16]
24 [65,72,68,74,60,14,41]
25 [25,36,40,28,31,24,14]
26 [36,49,2,18,53,21,34]
27 [25,19,29,2,27,51,21]
28 [43,29,3,28,40,34,16]
29 [26,38,53,45,19,29,34]
30 [69,57,51,12,76,8,30]
31 [31,34,36,2,17,9,49]
32 [32,54,72,70,61,51,69]
33 [20,4,17,8,46,51,30]
34 [43,19,29,34,28,16,40]
35 [12,1,39,35,50,48,13]
36 [9,49,31,40,25,16,34]
37 [20,10,17,56,57,76,44]
38 [42,54,11,16,15,13,46]
39 [39,15,11,21,27,6,38]
40 [28,5,40,2,34,16,25]
41 [79,78,80,24,56,36,71]
42 [11,46,38,23,3,17,33]
43 [22,55,45,27,43,19,47]
44 [69,7,10,20,44,6,50]
45 [47,43,25,29,45,22,55]
46 [9,42,39,46,38,53,23]
47 [4,39,17,6,13,48,1]
48 [50,20,1,17,47,22,13]
49 [21,34,26,2,49,14,36]
50 [23,44,6,1,50,35,7]
51 [2,33,26,15,4,39,46]
-1 -1
102 [94,96,90,104,89,80,86]
103 [99,89,101,106,105,103,102]
104 [102,106,104,103,107,105,89]
105 [102,81,80,105,104,106,107]
106 [105,91,81,109,103,80,107]
107 [112,107,108,104,105,106,109]
108 [106,109,107,108,111,110,112]
109 [109,106,112,108,111,107,110]
110 [115,118,111,110,114,109,116]
111 [113,116,112,107,110,109,108]
112 [108,111,114,115,112,116,113]
113 [115,116,111,117,113,112,114]
114 [117,116,115,110,118,114,112]
115 [116,115,112,118,110,117,113]
116 [109,108,111,115,112,113,116]
117 [115,118,110,116,120,117,114]
118 [116,114,117,118,112,113,115]
119 [121,125,122,124,119,120,123]
120 [120,119,123,122,125,127,124]
121 [121,124,122,126,127,128,125]
122 [122,127,128,125,123,124,120]
123 [126,128,125,120,122,123,119]
124 [122,126,127,128,125,124,120]
125 [120,123,119,125,124,121,128]
126 [120,119,123,127,128,126,124]
127 [122,127,128,125,126,124,123]
128 [124,120,122,126,121,123,127]
77 [90,77,92,79,95,32,70]
78 [101,93,78,86,99,83,84]
79 [87,95,82,78,93,85,77]
80 [107,105,104,86,106,102,81]
81 [80,107,106,96,101,105,91]
82 [96,82,87,77,79,92,95]
83 [89,101,78,93,83,86,99]
84 [101,93,78,88,84,85,80]
85 [82,84,93,87,79,78,74]
86 [104,105,89,78,99,83,102]
87 [87,95,82,81,88,70,96]
88 [78,98,100,89,101,91,96]
89 [106,107,105,83,86,102,104]
90 [80,102,89,86,94,96,98]
91 [82,96,88,98,91,94,81]
92 [91,78,77,101,92,81,70]
93 [77,91,85,81,80,84,78]
94 [97,102,98,88,91,80,96]
95 [85,74,78,93,82,95,89]
96 [91,81,88,97,100,87,94]
97 [100,94,99,98,87,96,97]
98 [80,96,94,88,100,97,102]
99 [96,91,94,102,86,83,78]
100 [91,94,100,88,96,98,97]
101 [103,78,100,96,88,99,89]
52 [68,52,62,63,25,56,69]
53 [53,11,39,59,64,71,55]
54 [65,56,64,67,24,59,68]
55 [60,71,16,27,43,75,11]
56 [58,52,63,66,56,32,73]
57 [58,72,25,40,19,27,29]
58 [55,75,41,69,63,72,56]
59 [59,64,54,56,14,18,67]
60 [55,11,30,15,8,71,73]
61 [62,58,63,66,25,56,72]
62 [63,41,62,69,52,68,67]
63 [72,63,61,73,56,62,58]
64 [64,71,41,66,61,72,37]
65 [19,8,55,59,60,73,18]
66 [24,54,73,25,72,61,56]
67 [18,68,14,54,59,67,62]
68 [56,69,52,67,54,24,68]
69 [69,58,63,65,25,72,52]
70 [70,78,32,92,87,79,77]
71 [37,71,64,60,8,72,53]
72 [37,71,25,61,66,64,69]
73 [61,66,56,24,54,73,8]
74 [82,95,93,100,89,85,78]
75 [16,57,18,39,11,55,66]
76 [5,1,13,6,44,4,46]
1 [27,5,22,45,48,17,47]
2 [23,51,49,16,36,2,40]
3 [10,3,7,46,31,9,20]
4 [4,6,44,38,33,76,13]
5 [1,17,48,6,5,47,13]
6 [20,40,9,4,6,49,28]
7 [50,10,3,7,12,31,46]
8 [72,53,71,15,30,60,73]
9 [49,6,53,28,9,20,40]
10 [10,7,23,12,31,3,50]
11 [18,55,11,53,39,75,42]
12 [23,12,51,49,31,50,10]
13 [4,76,3,46,5,1,13]
14 [52,65,64,18,67,59,56]
15 [55,11,30,15,8,37,14]
16 [53,31,10,27,16,43,57]
17 [13,17,5,22,48,47,1]
18 [14,54,24,66,75,55,57]
19 [27,47,45,36,43,8,15]
20 [20,31,9,46,10,50,3]
21 [4,42,33,51,49,21,6]
22 [5,47,17,19,22,27,43]
23 [51,10,12,26,28,49,23]
24 [55,57,18,59,24,14,54]
25 [25,57,16,18,58,72,29]
26 [46,20,3,19,51,49,26]
27 [34,2,36,5,27,43,22]
28 [25,34,36,2,69,40,9]
29 [11,39,69,73,53,57,25]
30 [14,15,30,73,8,55,11]
31 [31,20,33,38,50,3,9]
32 [63,56,25,79,73,66,70]
33 [49,26,3,38,33,4,46]
34 [34,28,43,69,40,36,25]
35 [35,57,23,10,50,16,7]
36 [36,22,27,43,19,34,2]
37 [30,8,60,37,71,55,14]
38 [33,46,51,3,4,44,76]
39 [57,25,29,55,53,39,11]
40 [40,2,27,49,7,16,57]
41 [72,56,58,41,52,55,75]
42 [6,21,42,76,1,4,51]
43 [27,34,36,60,71,57,16]
44 [6,51,49,4,46,76,38]
45 [5,45,47,48,15,27,19]
46 [76,38,5,1,13,21,33]
47 [27,19,45,17,47,13,5]
48 [21,4,6,22,1,17,12]
49 [76,38,44,21,2,6,51]
50 [10,3,7,23,50,31,20]
51 [10,51,12,38,3,31,23]
-1 -1
103 [111,90,78,113,112,74,95]
104 [108,109,96,91,104,88,82]
107 [99,106,115,117,111,90,116]
110 [108,118,107,116,90,117,112]
112 [114,78,103,90,95,112,113]
119 [128,122,120,124,125,119,127]
121 [125,123,126,120,128,124,122]
125 [127,128,119,121,124,126,125]
127 [123,120,122,127,125,119,128]
77 [77,32,41,61,15,18,72]
80 [101,106,80,78,84,96,92]
89 [89,99,101,106,102,94,97]
92 [92,96,87,80,94,79,102]
94 [106,96,94,99,101,89,102]
96 [82,84,83,101,92,80,96]
97 [109,99,106,83,80,101,89]
101 [74,101,80,89,92,78,99]
53 [11,59,64,30,53,67,8]
56 [56,58,69,18,72,32,62]
57 [54,28,16,33,42,21,6]
58 [58,62,56,8,30,75,32]
60 [65,30,8,39,60,67,64]
61 [11,52,63,18,56,61,62]
63 [58,63,32,66,41,62,72]
65 [67,59,8,75,57,6,19]
66 [15,56,69,2,49,41,61]
70 [93,103,74,8,70,77,72]
71 [28,29,16,71,22,39,43]
75 [56,15,58,75,11,8,30]
76 [49,23,46,7,38,10,4]
2 [25,2,14,56,63,62,41]
3 [76,35,3,50,23,10,33]
10 [4,10,12,21,46,76,23]
11 [16,71,53,63,75,11,52]
12 [12,23,10,31,76,4,48]
15 [15,64,68,66,39,18,58]
18 [58,64,68,61,77,18,15]
23 [4,76,2,46,10,49,12]
24 [25,1,45,40,13,52,28]
28 [6,65,16,29,68,54,55]
29 [39,16,9,60,64,29,28]
32 [32,77,62,69,56,5,72]
33 [23,3,72,33,35,57,76]
35 [10,3,33,46,76,12,23]
36 [38,50,6,55,51,57,42]
37 [25,37,73,27,26,34,19]
38 [7,38,13,20,46,4,76]
41 [32,41,63,15,2,56,66]
42 [38,10,76,21,6,57,23]
43 [28,55,65,71,43,29,16]
48 [48,13,7,4,42,76,12]
49 [61,77,66,14,30,73,2]
-1 -1
103 [103,110,66,32,56,70,15]
104 [101,96,104,92,94,80,97]
107 [99,106,115,117,111,90,116]
110 [70,15,103,77,112,61,56]
112 [110,56,61,2,41,70,103]
119 [125,121,122,123,124,119,127]
121 [127,122,126,124,121,119,125]
125 [119,125,123,124,122,121,127]
127 [125,121,119,127,124,122,126]
77 [75,70,110,77,32,15,103]
80 [96,97,80,104,101,92,94]
89 [92,94,101,89,96,97,80]
92 [96,92,94,101,104,80,89]
94 [97,89,94,92,80,96,104]
96 [96,104,101,80,97,94,92]
97 [97,92,80,89,96,104,94]
101 [97,104,101,96,94,80,92]
53 [71,43,24,53,36,76,42]
56 [11,24,43,63,49,103,10]
57 [60,43,28,29,48,71,23]
58 [110,103,2,32,18,63,15]
60 [76,48,71,53,43,28,29]
61 [61,41,112,58,66,63,56]
63 [70,110,77,32,15,58,49]
65 [53,76,37,71,29,36,60]
66 [76,42,36,56,32,103,38]
70 [58,103,56,112,77,110,75]
71 [48,71,57,29,60,24,76]
75 [103,49,24,28,11,2,70]
76 [66,36,42,29,65,60,71]
2 [32,49,2,103,61,41,112]
3 [65,12,3,23,48,10,33]
10 [53,24,110,66,11,49,56]
11 [18,15,75,43,28,24,11]
12 [12,37,48,10,57,3,33]
15 [15,103,70,75,110,58,41]
18 [15,58,10,61,70,75,18]
23 [28,38,29,60,23,76,3]
24 [42,53,24,48,60,71,43]
28 [28,23,57,24,11,60,43]
29 [29,65,60,71,3,23,38]
32 [63,15,58,66,32,103,2]
33 [38,65,29,10,23,33,3]
35 [48,35,57,36,76,42,10]
36 [60,71,76,103,38,66,36]
37 [60,65,36,53,3,76,38]
38 [65,28,29,36,3,23,38]
41 [15,58,75,41,70,112,2]
42 [76,35,65,60,53,42,36]
43 [103,56,53,71,10,11,24]
48 [28,23,57,48,76,12,37]
49 [2,70,75,58,63,103,49]
-1 -1
174 [160,166,162,174,158,159,172]
173 [165,162,171,167,173,170,3]
172 [135,137,144,162,172,164,174]
171 [135,171,167,164,149,3,151]
170 [164,170,157,167,169,137,160]
169 [130,162,143,167,169,146,153]
168 [160,166,146,163,171,3,168]
167 [157,134,3,167,150,151,169]
166 [159,172,174,168,166,160,3]
165 [168,166,171,133,167,151,3]
164 [160,144,162,159,132,3,158]
163 [158,170,163,144,146,148,143]
162 [158,164,160,146,163,144,143]
161 [149,3,144,29,23,145,142]
160 [3,141,143,158,162,159,164]
159 [166,174,3,171,172,164,158]
158 [173,170,159,162,137,160,164]
157 [37,134,136,170,164,3,149]
156 [156,132,150,3,160,152,155]
155 [132,155,152,156,154,146,3]
154 [154,148,133,146,132,150,3]
153 [133,170,169,157,163,146,3]
152 [152,155,132,147,154,3]
151 [167,157,3,151,147,171,150]
150 [148,132,153,150,146,154,144]
149 [149,3,136,169,130,131,157]
148 [3,154,144,150,148,146,145]
147 [143,139,130,133,136,131,140]
146 [154,150,153,130,144,132,3]
145 [132,150,147,151,135,144,142]
144 [133,169,153,146,150,148,162]
143 [146,153,169,163,139,130,162]
142 [174,137,145,29,3,138,134]
141 [151,150,147,143,145,138,141]
140 [140,136,3,169,131,130,157]
139 [131,138,162,143,140,130,3]
138 [156,155,142,165,131,3,145]
137 [159,135,137,162,138,174,172]
136 [133,153,140,146,3,147,131]
135 [169,151,3,171,147,135,167]
134 [149,157,134,3,60,37,29]
133 [170,140,169,147,146,153,3]
132 [132,3,160,147,150,155,156]
131 [169,157,140,131,136,3,130]
130 [3,139,130,153,147,131,140]
103 [56,71,103,134,35,37,42]
104 [94,92,80,104,101,89,97]
107 [99,106,115,117,111,90,116]
110 [15,110,103,2,49,112,71]
112 [32,24,2,103,49,110,112]
119 [127,124,126,122,121,125,119]
121 [127,122,126,124,119,121,125]
125 [119,121,123,122,124,127,125]
127 [121,126,122,124,119,127,125]
77 [35,28,61,15,70,43,77]
80 [96,101,94,92,80,97,104]
89 [89,94,101,96,80,92,104]
92 [96,97,101,94,104,89,80]
94 [97,92,96,101,104,94,89]
96 [97,92,94,101,96,89,80]
97 [89,96,94,80,104,101,97]
101 [104,101,80,97,94,96,92]
53 [18,65,60,57,37,33,12]
56 [66,38,71,70,35,60,43]
57 [29,65,28,37,35,11,57]
58 [32,77,63,42,41,56,112]
60 [60,53,37,12,33,70,71]
61 [24,32,76,58,56,70,77]
63 [32,76,41,70,75,18,58]
65 [35,11,57,70,134,29,65]
66 [75,70,15,33,63,18,3]
70 [18,110,66,134,33,29,15]
71 [38,35,60,70,42,103,56]
75 [61,76,58,66,75,15,18]
76 [32,63,10,77,28,76,75]
2 [10,11,112,12,2,32,24]
3 [29,134,164,142,149,170,157]
10 [53,12,10,56,41,24,11]
11 [10,24,12,61,11,2,41]
12 [53,36,60,172,166,174,12]
15 [49,103,66,61,71,70,18]
18 [32,76,63,3,66,18,15]
23 [23,36,18,3,144,161,29]
24 [43,10,2,56,24,11,41]
28 [43,77,11,61,2,35,70]
29 [18,70,3,60,65,15,134]
32 [61,76,28,32,63,75,41]
33 [53,71,37,33,134,60,48]
35 [48,66,35,28,70,71,57]
36 [61,63,58,36,65,60,18]
37 [70,71,60,48,33,37,53]
38 [49,103,71,57,29,66,35]
41 [32,63,43,53,42,56,24]
42 [41,24,10,61,77,11,103]
43 [41,32,70,71,28,61,56]
48 [75,38,48,57,53,33,37]
49 [56,35,71,2,49,110,112]
-1 -1
174 [168,151,149,147,174,156,153]
173 [161,173,146,170,135,130,139]
172 [162,146,169,137,149,161,172]
171 [133,142,151,171,144,161,143]
170 [143,56,12,29,103,15,163]
169 [164,147,153,173,169,146,137]
168 [151,164,168,149,23,12,142]
167 [170,134,15,29,149,153,3]
166 [130,139,173,135,153,3,160]
165 [161,172,162,159,165,169,137]
164 [149,23,168,171,147,174,151]
163 [135,133,168,23,173,160,163]
162 [162,137,165,171,161,169,172]
161 [169,159,146,172,165,162,171]
160 [29,134,135,160,154,163,173]
159 [15,3,167,159,147,153,146]
158 [158,170,137,29,15,166,134]
157 [23,137,155,152,139,136,130]
156 [137,147,150,130,3,174,157]
155 [157,147,136,130,138,3,152]
154 [148,154,131,133,173,168,160]
153 [174,168,149,140,15,167,3]
152 [174,150,136,157,132,139,3]
151 [149,151,165,171,168,164,153]
150 [139,3,152,138,130,132,174]
149 [3,153,149,151,174,164,168]
148 [154,148,131,174,132,130,156]
147 [135,145,141,159,166,147,137]
146 [130,139,173,162,171,161,169]
145 [137,145,135,166,141,159,147]
144 [165,159,137,151,171,144,141]
143 [164,168,141,144,103,12,161]
142 [161,143,171,134,154,133,142]
141 [137,141,159,133,143,144,151]
140 [166,155,3,171,157,139,161]
139 [156,130,3,132,157,140,152]
138 [132,156,130,152,140,3,138]
137 [144,166,151,147,141,165,159]
136 [152,155,153,136,132,157,147]
135 [163,160,170,135,173,29,134]
134 [173,170,163,29,134,135,133]
133 [168,143,142,11,42,134,154]
132 [136,138,152,131,3,150,139]
131 [130,156,148,160,131,154,133]
130 [3,138,164,130,174,150,156]
103 [53,24,11,103,158,12,71]
104 [92,104,101,89,96,80,97]
107 [99,106,115,117,111,90,116]
110 [66,42,60,110,37,12,158]
112 [32,58,49,63,76,112,24]
119 [121,126,124,122,125,119,127]
121 [119,125,126,122,124,121,127]
125 [121,127,119,125,124,122,123]
127 [127,125,121,126,122,124,119]
77 [48,38,77,42,65,70,71]
80 [92,97,94,96,101,80,104]
89 [92,101,96,80,89,97,94]
92 [94,92,97,104,89,96,101]
94 [104,92,80,94,101,89,97]
96 [94,89,96,97,104,92,101]
97 [101,96,97,80,104,89,92]
101 [97,101,80,89,96,104,92]
53 [33,10,11,53,29,37,71]
56 [70,35,65,28,58,56,76]
57 [56,35,75,76,65,61,49]
58 [112,58,24,32,11,66,76]
60 [103,77,71,60,11,110,42]
61 [63,57,2,76,41,61,49]
63 [49,28,63,32,112,2,18]
65 [76,56,65,48,43,70,35]
66 [158,15,37,77,71,38,48]
70 [70,66,18,75,43,38,77]
71 [42,60,11,58,66,103,77]
75 [32,48,43,77,70,57,18]
76 [11,32,24,49,76,112,63]
2 [2,57,61,112,76,32,41]
3 [161,3,140,15,167,166,155]
10 [10,37,53,60,71,33,11]
11 [42,158,110,12,71,103,33]
12 [170,103,110,15,71,11,158]
15 [15,3,167,158,12,170,134]
18 [18,57,75,76,49,28,63]
23 [23,149,163,153,142,168,164]
24 [24,66,58,76,33,11,112]
28 [2,18,63,35,65,28,49]
29 [135,133,134,53,11,71,42]
32 [11,24,32,76,66,58,112]
33 [24,10,11,147,29,42,137]
35 [56,35,58,75,76,57,65]
36 [57,75,76,58,36,56,43]
37 [38,48,66,60,12,158,15]
38 [43,77,66,65,75,70,48]
41 [63,57,2,43,75,61,41]
42 [42,110,37,65,158,66,60]
43 [77,66,38,18,70,57,75]
48 [57,18,75,35,65,48,32]
49 [112,76,2,43,75,57,61]
-1 -1
