1 [2]
2 [3,1]
3 [4,2]
4 [5,3]
5 [6,4]
6 [7,5]
7 [8,6]
8 [9,7]
9 [10,8]
10 [11,9]
11 [12,10]
12 [13,11]
13 [14,12]
14 [15,13]
15 [16,14]
16 [17,15]
17 [18,16]
18 [19,17]
19 [20,18]
20 [21,19]
21 [22,20]
22 [23,21]
23 [24,22]
24 [25,23]
25 [26,24]
26 [27,25]
27 [28,26]
28 [29,27]
29 [30,28]
30 [31,29]
31 [32,30]
32 [33,31]
33 [34,32]
34 [35,33]
35 [36,34]
36 [37,35]
37 [38,36]
38 [39,37]
39 [40,38]
40 [41,39]
41 [42,40]
42 [43,41]
43 [44,42]
44 [45,43]
45 [46,44]
46 [47,45]
47 [48,46]
48 [49,47]
49 [50,48]
50 [51,49]
51 [52,50]
-1 -1
1 [5,7,2,4,1,6,3]
2 [1,6,5,2,3,4]
3 [5,4,3,6,2,1]
4 [4,7,1,6,2,5,3]
5 [5,4,10,1,6,3,2]
6 [4,3,2,8,5,6,1]
7 [17,14,8,16,10,18,7]
8 [18,16,14,10,6,8,7]
9 [14,13,18,7,8,9,11]
10 [16,19,15,7,14,13,18]
11 [14,17,11,22,23,20,12]
12 [16,14,17,19,21,12,11]
13 [14,13,16,18,8,21,17]
14 [7,10,14,18,11,17,16]
15 [8,16,11,7,10,18,15]
16 [19,10,15,5,8,14,18]
17 [20,11,21,9,17,16,14]
18 [17,16,14,13,7,18,10]
19 [25,29,12,19,10,15,21]
20 [14,11,27,32,20,22,23]
21 [19,25,29,21,27,23,20]
22 [21,27,29,32,23,20,11]
23 [26,24,27,22,19,21,20]
24 [26,27,25,23,24,28,33]
25 [29,22,24,32,25,26,27]
26 [26,27,23,29,24,25,32]
27 [20,11,22,29,21,23,26]
28 [40,38,39,34,35,33,26]
29 [23,26,27,20,25,29,21]
30 [22,23,20,35,28,40,36]
31 [41,33,32,27,40,37,34]
32 [11,19,25,33,32,31,21]
33 [43,28,31,40,46,41,37]
34 [28,33,26,40,27,31,34]
35 [43,36,40,38,28,30,35]
36 [35,43,40,41,46,30,36]
37 [36,35,40,27,34,31,33]
38 [39,42,35,40,36,45,41]
39 [35,39,40,44,45,42,38]
40 [31,33,37,40,36,35,43]
41 [48,50,43,31,37,33,46]
42 [49,44,45,41,40,38,39]
43 [41,37,33,47,43,46,42]
44 [44,45,47,49,50,48,42]
45 [38,45,41,49,50,36,44]
46 [38,39,42,40,50,43,41]
47 [50,43,47,35,51,38,42]
48 [48,42,44,51,49,45,50]
49 [44,45,48,42,49,47,51]
50 [33,46,41,49,48,47,50]
51 [47,48,42,51,50,44,49]
-1 -1
52 [52,55,54,34,33,28,53]
53 [39,44,53,56,51,46,55]
54 [33,28,52,53,54,57,55]
55 [54,55,46,53,57,60,56]
56 [56,57,60,53,55,58,59]
57 [61,56,58,57,55,62,59]
58 [59,57,58,63,61,56,55]
59 [65,57,58,63,61,64,62]
60 [55,60,56,59,53,58,57]
61 [63,62,60,58,64,61,59]
62 [58,61,56,59,64,63,62]
63 [57,62,63,64,60,58,61]
64 [61,56,58,62,63,59,65]
65 [65,70,69,61,66,68,64]
66 [66,67,69,68,65,64]
67 [69,67,66,65,68]
68 [65,64,69,63,68,66,67]
69 [68,66,70,65,69,67]
70 [76,70,69,73,72,74,71]
71 [65,66,68,74,73,72,70]
72 [72,74,75,70,71,73]
73 [75,76,71,74,73,72]
74 [73,75,76,74,71,70,72]
75 [73,75,77,72,70,74,76]
76 [74,71,70,76,72,73,75]
1 [14,11,22,1,2,4,15]
2 [16,18,4,2,5,19,32]
3 [11,8,4,5,3,6,7]
4 [51,24,20,3,15,1,22]
5 [12,18,2,15,14,19,32]
6 [6,3,1,12,4,7,16]
7 [4,1,13,19,10,14,9]
8 [1,22,4,16,20,5,8]
9 [11,9,2,10,7,13,4]
10 [4,10,13,11,19,14,9]
11 [19,5,32,25,23,15,12]
12 [7,5,15,2,8,12,16]
13 [11,4,9,6,17,21,23]
14 [9,7,13,32,11,22,14]
15 [2,12,4,18,15,7,5]
16 [7,10,14,12,8,16,18]
17 [25,23,7,14,11,22,13]
18 [18,2,15,32,8,16,14]
19 [21,48,34,19,5,32,26]
20 [1,22,4,42,53,51,24]
21 [48,21,34,17,31,26,23]
22 [22,17,14,9,23,13,11]
23 [12,11,21,29,23,25,13]
24 [51,42,25,27,23,39,20]
25 [25,23,24,29,39,13,21]
26 [33,28,38,19,52,31,34]
27 [42,20,29,24,50,39,25]
28 [46,55,53,40,34,48,52]
29 [29,27,24,21,39,23,25]
30 [35,47,30,23,24,39,43]
31 [19,21,34,38,31,25,42]
32 [23,12,11,14,26,19,5]
33 [36,33,34,28,48,38,43]
34 [25,42,31,38,23,21,26]
35 [41,35,37,30,23,39,43]
36 [34,48,33,31,47,35,36]
37 [39,35,27,30,43,37,41]
38 [34,38,26,40,35,33,28]
39 [27,29,25,23,30,20,24]
40 [52,41,48,28,49,50,47]
41 [41,28,37,35,52,48,34]
42 [39,24,53,48,51,20,25]
43 [46,35,47,43,49,50,30]
44 [49,47,45,50,44,46,51]
45 [53,48,51,33,28,40,45]
46 [35,40,47,51,55,53,44]
47 [50,30,43,53,44,46,35]
48 [21,26,34,48,28,52,41]
49 [47,45,49,27,30,43,50]
50 [39,35,30,45,50,43,49]
51 [51,20,42,40,45,53,48]
-1 -1
52 [62,52,61,44,54,36,28]
53 [56,52,46,23,21,61,55]
54 [63,68,55,61,23,35,33]
55 [52,62,61,21,31,23,53]
56 [56,25,39,38,72,64,45]
57 [28,57,69,61,60,66,65]
58 [58,61,23,21,62,65,63]
59 [59,36,33,41,9,40,54]
60 [63,62,69,66,57,65,60]
61 [23,53,55,28,61,52,62]
62 [60,58,63,65,61,59,62]
63 [65,63,58,21,53,68,55]
64 [67,66,69,53,74,68,71]
65 [65,62,61,68,21,58,63]
66 [72,56,64,65,57,66,69]
67 [75,68,72,76,73,69,71]
68 [65,68,63,72,58,53,55]
69 [64,68,71,73,75,74,67]
70 [63,72,70,73,71,74,69]
71 [74,67,69,64,73,63,68]
72 [70,69,71,74,53,63,76]
73 [76,73,67,70,69,71,74]
74 [74,66,71,67,69,70,73]
75 [67,68,71,72,69,76,75]
76 [72,75,76,68,69,67,73]
1 [56,45,20,31,13,6,1]
2 [32,4,34,8,5,13,14]
3 [40,3,9,15,41,6,14]
4 [16,12,15,9,11,34,7]
5 [23,12,8,15,52,28,16]
6 [59,54,36,3,13,6,9]
7 [20,1,10,13,7,4,9]
8 [34,8,2,15,41,14,26]
9 [9,13,35,59,3,41,36]
10 [10,13,9,3,18,15,6]
11 [34,17,4,11,7,32,19]
12 [53,21,28,5,12,23,16]
13 [29,26,41,10,8,14,6]
14 [14,41,6,8,34,2,13]
15 [34,7,4,5,16,23,12]
16 [12,2,5,28,16,18,15]
17 [34,17,4,19,11,7,32]
18 [18,10,5,2,41,13,15]
19 [19,32,17,34,5,4,11]
20 [44,43,37,20,38,47,45]
21 [5,12,30,58,55,53,23]
22 [31,48,6,3,22,1,51]
23 [27,39,30,55,16,12,21]
24 [27,1,29,48,49,24,31]
25 [54,35,33,50,44,47,37]
26 [48,49,31,19,43,8,26]
27 [39,51,30,25,42,35,24]
28 [28,57,8,61,15,5,52]
29 [45,49,24,1,8,26,31]
30 [12,21,23,35,24,27,39]
31 [58,55,23,1,27,21,24]
32 [4,11,34,10,17,7,19]
33 [47,37,25,55,61,54,35]
34 [14,34,2,19,32,7,4]
35 [25,44,47,40,59,33,37]
36 [9,6,36,59,54,33,40]
37 [25,47,37,45,20,44,43]
38 [1,20,46,28,56,38,45]
39 [64,45,56,53,46,39,25]
40 [3,6,9,61,40,36,59]
41 [18,41,13,3,6,36,9]
42 [42,45,27,44,37,30,35]
43 [31,58,23,39,20,37,30]
44 [43,35,37,50,47,27,44]
45 [45,20,64,52,55,38,56]
46 [21,55,53,46,61,56,52]
47 [20,37,50,47,33,25,44]
48 [48,22,49,26,29,24,31]
49 [49,46,27,38,24,48,45]
50 [47,44,51,22,43,50,37]
51 [51,22,48,6,25,39,43]
-1 -1
77 [57,54,72,70,76,73,77]
78 [31,42,6,73,59,78,57]
79 [91,96,87,79,13,83,80]
80 [84,94,91,83,80,82,78]
81 [79,87,92,82,83,84,91]
82 [86,80,81,87,92,89,84]
83 [80,82,85,86,83,84,87]
84 [87,97,94,84,81,91,82]
85 [96,99,101,90,98,100,85]
86 [80,88,81,84,86,98,95]
87 [97,87,94,84,91,80,83]
88 [83,80,82,84,90,88,81]
89 [84,87,94,82,91,89,92]
90 [85,100,95,90,98,96,99]
91 [80,91,81,87,82,84,94]
92 [82,89,93,91,87,92,84]
93 [96,90,93,85,101,99,97]
94 [84,89,96,82,81,91,87]
95 [99,100,90,96,93,97,98]
96 [86,98,95,94,90,93,97]
97 [95,97,96,91,87,94,93]
98 [95,98,93,85,100,99,90]
99 [85,101,90,99,97,96,100]
100 [97,98,95,85,100,99,96]
101 [100,95,85,102,96,99,101]
52 [69,52,65,53,5,75,46]
53 [30,53,23,46,14,21,12]
54 [28,35,55,72,63,74,54]
55 [11,13,35,44,72,74,63]
56 [66,67,76,65,70,64,69]
57 [17,47,24,73,57,78,6]
58 [35,58,54,75,57,68,55]
59 [78,57,28,72,62,59,74]
60 [13,60,72,35,71,79,68]
61 [17,61,34,6,43,50,24]
62 [1,36,22,41,18,62,10]
63 [74,63,44,35,31,13,55]
64 [67,73,77,66,69,56,70]
65 [74,57,72,75,46,52,69]
66 [69,64,66,70,56,74,57]
67 [6,70,78,76,67,73,77]
68 [71,73,54,72,35,58,60]
69 [70,66,69,52,65,64,56]
70 [56,70,66,76,73,77,64]
71 [68,71,65,8,79,60,75]
72 [77,73,74,57,72,54,68]
73 [64,77,76,80,78,73,67]
74 [44,63,65,35,57,55,72]
75 [74,54,5,65,46,52,75]
76 [77,70,75,72,78,76,73]
1 [1,22,36,40,7,3,10]
2 [12,16,2,30,53,34,21]
3 [14,61,11,19,3,43,50]
4 [4,30,32,21,34,15,53]
5 [11,19,8,41,71,75,13]
6 [57,78,13,31,24,42,6]
7 [2,34,21,11,23,8,3]
8 [8,19,5,71,3,23,75]
9 [27,9,50,49,17,61,40]
10 [62,10,3,36,24,28,25]
11 [19,42,8,32,63,13,31]
12 [16,2,30,46,12,34,53]
13 [72,68,60,5,79,15,32]
14 [49,40,9,24,21,14,25]
15 [19,11,34,15,13,32,4]
16 [53,12,34,2,24,16,31]
17 [47,27,24,34,43,50,61]
18 [32,18,5,36,8,41,7]
19 [42,7,8,3,5,75,23]
20 [41,48,51,38,20,26,45]
21 [34,46,53,12,23,8,2]
22 [48,20,45,39,47,29,38]
23 [52,46,9,14,12,53,21]
24 [33,6,47,9,14,25,44]
25 [10,14,44,24,55,62,28]
26 [45,29,20,49,26,22,39]
27 [9,61,50,42,16,24,47]
28 [35,58,55,28,14,24,25]
29 [20,41,51,39,38,45,48]
30 [53,21,23,30,15,34,4]
31 [19,8,42,5,60,13,6]
32 [18,41,5,60,4,15,13]
33 [44,24,14,25,62,9,31]
34 [46,52,53,4,37,30,12]
35 [58,54,55,63,59,65,74]
36 [10,62,3,1,40,22,18]
37 [30,12,34,24,47,37,44]
38 [22,29,38,1,45,48,51]
39 [22,47,29,20,26,48,39]
40 [33,40,22,25,49,43,9]
41 [48,38,51,45,41,8,5]
42 [13,6,31,42,19,8,24]
43 [7,2,21,50,19,14,3]
44 [24,33,44,14,42,27,47]
45 [29,38,20,45,26,51,48]
46 [46,53,12,30,65,21,52]
47 [27,50,24,42,47,39,29]
48 [20,45,39,48,38,51,29]
49 [26,29,22,9,1,25,40]
50 [50,40,9,24,47,27,61]
51 [49,26,22,51,29,48,38]
-1 -1
102 [108,107,104,103,105,106,102]
103 [97,85,93,107,102,101,106]
104 [107,105,93,101,108,106,103]
105 [101,106,104,93,105,109,107]
106 [101,93,103,108,104,107,102]
107 [105,93,101,113,109,110,108]
108 [113,115,111,110,105,107,108]
109 [111,108,102,113,105,110,107]
110 [112,117,113,111,115,109,107]
111 [116,114,109,112,111,113,115]
112 [116,111,114,112,113,117,110]
113 [113,115,116,112,114,111,110]
114 [110,109,116,113,112,111,114]
115 [109,107,110,114,115,113,111]
116 [116,114,113,117,121,118,115]
117 [115,109,110,119,108,112,113]
118 [115,110,113,117,124,116,121]
119 [127,122,118,116,117,121,120]
120 [127,122,120,117,124,119,121]
121 [126,124,123,117,119,120,118]
122 [126,125,122,119,121,120,127]
123 [127,125,126,122,121,124,123]
124 [124,123,116,125,117,121,126]
125 [119,120,122,123,127,125,126]
126 [123,126,127,122,128,124,125]
127 [125,123,122,128,127,126]
128 [121,124,125,128,126,127]
77 [70,57,64,67,73,69,72]
78 [73,55,17,13,60,76,67]
79 [89,100,86,88,81,96,91]
80 [84,80,82,90,94,88,83]
81 [91,79,96,100,81,98,90]
82 [99,83,84,85,80,90,95]
83 [99,83,80,88,95,82,90]
84 [94,80,103,90,82,95,83]
85 [86,91,89,95,96,92,87]
86 [85,86,100,82,91,97,89]
87 [95,87,97,96,86,92,85]
88 [95,83,84,96,80,88,94]
89 [94,100,89,96,87,85,86]
90 [98,86,79,82,80,83,88]
91 [98,81,90,88,86,79,91]
92 [95,84,82,86,85,87,92]
93 [105,106,84,97,107,103,101]
94 [80,88,96,83,94,99,100]
95 [85,95,89,103,83,84,82]
96 [90,81,98,91,88,79,100]
97 [97,93,101,95,87,84,85]
98 [86,98,79,99,81,90,96]
99 [82,90,83,96,97,99,100]
100 [89,94,100,90,96,83,99]
101 [93,103,97,107,106,104,105]
52 [46,3,52,41,30,23,16]
53 [19,53,43,67,61,68,74]
54 [27,54,59,25,32,35,62]
55 [67,32,13,2,69,17,30]
56 [69,78,13,77,56,72,65]
57 [57,66,64,76,65,73,77]
58 [34,32,12,55,31,30,58]
59 [54,35,4,25,5,18,27]
60 [11,76,68,63,60,64,61]
61 [76,65,67,68,63,44,9]
62 [54,27,59,58,25,32,34]
63 [44,68,40,9,76,61,60]
64 [72,65,56,69,77,64,70]
65 [17,69,67,73,5,39,78]
66 [69,72,77,65,42,70,73]
67 [44,9,61,78,60,76,65]
68 [74,19,53,60,9,61,44]
69 [17,67,73,78,66,72,77]
70 [42,2,31,78,65,73,66]
71 [44,53,68,21,71,42,31]
72 [65,69,72,41,67,56,77]
73 [55,69,17,66,78,73,67]
74 [68,74,12,60,11,19,53]
75 [3,7,24,50,52,16,43]
76 [65,17,67,64,61,78,60]
1 [41,5,1,39,40,51,18]
2 [52,23,53,31,30,2,46]
3 [17,49,9,18,15,3,28]
4 [46,58,30,27,35,4,54]
5 [5,41,56,25,15,1,39]
6 [38,22,14,69,37,47,78]
7 [12,15,24,75,7,16,3]
8 [51,29,48,25,10,26,36]
9 [60,63,9,44,40,68,61]
10 [24,50,36,43,44,10,8]
11 [61,60,77,66,64,11,76]
12 [12,58,32,30,34,15,24]
13 [72,65,56,55,45,69,78]
14 [39,45,20,51,26,50,49]
15 [3,15,28,75,6,18,24]
16 [52,30,23,43,24,75,16]
17 [76,67,78,17,73,30,55]
18 [27,18,65,25,35,59,5]
19 [68,74,53,50,75,43,21]
20 [39,78,65,22,29,20,45]
21 [7,24,75,50,23,43,19]
22 [47,78,6,22,74,38,14]
23 [75,16,56,41,55,52,30]
24 [16,3,7,58,34,12,15]
25 [35,25,62,8,32,54,10]
26 [14,26,50,29,45,36,48]
27 [5,18,35,25,59,27,4]
28 [28,24,15,9,3,8,18]
29 [8,48,26,20,38,22,29]
30 [13,78,55,31,2,46,58]
31 [4,46,30,21,2,55,71]
32 [19,53,74,76,58,12,34]
33 [25,35,62,1,33,54,59]
34 [16,74,44,32,54,62,34]
35 [25,54,62,4,35,27,59]
36 [28,18,8,10,33,6,40]
37 [78,6,28,9,40,47,37]
38 [47,29,22,48,34,38,74]
39 [45,39,20,41,78,65,5]
40 [35,55,33,78,22,47,6]
41 [41,5,65,69,39,1,56]
42 [30,13,55,64,78,70,31]
43 [43,23,21,24,53,75,19]
44 [62,34,7,75,16,74,40]
45 [29,26,48,39,22,38,20]
46 [23,16,52,2,31,46,21]
47 [78,14,6,40,47,22,37]
48 [48,38,45,22,20,29,26]
49 [7,16,3,14,63,50,9]
50 [6,47,14,36,48,49,26]
51 [39,48,50,29,49,20,36]
-1 -1
102 [89,106,86,102,117,105,93]
103 [99,114,107,80,88,96,100]
104 [101,104,79,80,89,84,91]
105 [93,117,102,105,119,110,115]
106 [100,80,79,107,88,99,86]
107 [88,100,103,98,106,99,114]
108 [115,102,105,119,111,110,116]
109 [90,103,109,104,128,114,101]
110 [108,116,117,115,105,110,111]
111 [111,108,112,115,121,119,116]
112 [119,112,115,118,125,113,116]
113 [119,118,113,112,125,109,114]
114 [124,121,128,114,106,123,107]
115 [93,102,115,119,117,105,110]
116 [112,127,126,108,128,121,111]
117 [117,128,111,110,93,105,102]
118 [110,108,111,128,125,113,124]
119 [112,116,115,122,108,111,121]
120 [126,121,123,119,118,127,120]
121 [113,109,114,126,108,116,128]
122 [127,120,125,121,119,122,123]
123 [127,120,123,126,121,122,119]
124 [82,104,97,124,125,121,128]
125 [114,128,120,127,125,123,124]
126 [121,111,116,118,113,112,127]
127 [112,118,119,115,127,120,126]
128 [123,116,121,109,114,118,124]
77 [41,30,65,55,78,72,57]
78 [39,70,66,76,78,37,8]
79 [99,86,106,83,96,100,80]
80 [95,103,99,79,100,88,83]
81 [80,99,86,89,81,95,91]
82 [80,79,87,97,82,84,92]
83 [94,83,100,91,88,79,80]
84 [81,92,84,93,103,89,86]
85 [85,89,100,99,81,91,96]
86 [81,84,99,93,107,92,106]
87 [84,82,103,104,83,80,79]
88 [100,99,103,83,106,107,80]
89 [106,84,86,100,85,103,96]
90 [103,99,109,108,107,106,98]
91 [95,91,81,89,86,104,84]
92 [91,95,81,92,85,84,88]
93 [117,105,102,106,95,97,93]
94 [83,94,100,88,98,96,85]
95 [104,84,91,103,95,81,99]
96 [91,95,90,87,103,100,97]
97 [125,128,124,103,87,82,104]
98 [82,97,87,98,108,90,106]
99 [86,92,106,103,114,107,88]
100 [96,94,79,85,100,80,83]
101 [107,80,88,93,101,104,106]
52 [29,74,33,52,62,35,28]
53 [61,68,39,74,64,7,15]
54 [71,12,21,6,54,34,44]
55 [69,64,73,55,77,41,78]
56 [9,17,15,56,47,38,43]
57 [63,39,1,41,60,5,65]
58 [60,33,58,30,2,16,13]
59 [21,44,54,27,35,8,40]
60 [23,2,58,5,30,33,13]
61 [68,57,39,63,6,7,11]
62 [52,62,35,12,74,49,25]
63 [36,76,37,61,11,78,29]
64 [53,64,7,69,22,61,9]
65 [72,65,77,58,75,41,30]
66 [19,15,53,37,42,70,76]
67 [51,45,9,26,67,20,14]
68 [57,63,39,6,3,11,68]
69 [77,55,72,73,64,69,1]
70 [67,20,51,38,53,7,42]
71 [49,62,25,34,12,21,71]
72 [64,69,78,70,65,77,55]
73 [77,41,55,70,73,69,64]
74 [15,52,74,35,47,38,28]
75 [75,41,70,63,77,65,66]
76 [78,29,63,5,60,57,39]
1 [75,66,41,7,29,1,77]
2 [58,2,16,33,13,60,23]
3 [49,25,18,22,3,47,1]
4 [4,47,28,54,38,18,35]
5 [33,5,60,13,39,65,57]
6 [6,34,68,21,62,54,12]
7 [7,9,64,15,53,69,61]
8 [26,51,68,59,36,50,48]
9 [17,43,15,9,3,18,49]
10 [50,48,8,66,17,10,37]
11 [53,61,39,3,64,69,68]
12 [34,59,71,6,44,23,21]
13 [45,13,2,5,58,60,33]
14 [48,67,14,51,20,45,26]
15 [53,64,7,38,43,56,9]
16 [60,23,2,31,30,13,58]
17 [43,56,15,28,17,10,74]
18 [18,1,3,49,59,25,4]
19 [74,16,24,7,15,53,2]
20 [7,42,70,14,67,51,20]
21 [34,44,54,23,21,71,12]
22 [30,49,9,40,46,31,32]
23 [19,2,28,47,12,21,52]
24 [66,3,46,23,24,50,36]
25 [25,62,8,71,34,27,59]
26 [14,45,26,51,20,67,48]
27 [12,21,44,27,8,59,54]
28 [69,68,11,74,63,29,52]
29 [38,74,11,61,52,28,63]
30 [32,22,31,46,77,65,58]
31 [32,31,40,9,22,46,30]
32 [31,46,49,9,59,40,22]
33 [5,57,60,2,16,58,13]
34 [44,59,54,71,21,12,6]
35 [4,18,47,25,35,62,52]
36 [37,48,50,40,46,24,36]
37 [78,29,63,46,36,76,10]
38 [29,52,28,47,53,35,74]
39 [69,68,11,7,15,53,61]
40 [22,46,31,59,54,30,32]
41 [76,11,75,77,41,29,1]
42 [16,42,19,47,51,70,38]
43 [43,15,53,17,22,9,56]
44 [59,54,27,34,12,21,71]
45 [51,26,67,48,20,14,45]
46 [36,46,24,37,78,66,3]
47 [62,52,35,38,49,4,18]
48 [37,50,59,26,14,67,45]
49 [62,49,25,47,27,54,18]
50 [24,36,37,40,68,48,8]
51 [14,45,8,70,20,51,26]
-1 -1
110 [113,110,108,119,94,115,112]
112 [117,115,97,112,114,113,110]
113 [113,87,94,115,110,112,114]
114 [87,128,97,114,100,115,113]
115 [114,87,128,113,117,115,110]
117 [94,97,113,80,114,117,101]
123 [123,119,122,121,126,127,120]
128 [110,115,113,114,117,87,128]
78 [34,26,54,48,20,2,16]
80 [114,101,95,94,96,80,100]
87 [87,113,95,128,97,114,100]
90 [103,99,109,108,107,106,98]
94 [94,97,128,117,87,95,100]
95 [95,101,114,113,80,110,112]
96 [128,97,96,94,117,101,80]
97 [94,128,114,117,100,87,97]
100 [117,101,100,80,96,95,87]
101 [96,80,97,112,117,101,114]
52 [67,12,27,52,8,2,35]
54 [2,8,48,16,54,34,26]
56 [72,12,27,8,4,9,47]
57 [41,11,57,5,39,60,65]
66 [72,42,10,17,73,16,78]
67 [17,56,49,52,47,48,8]
72 [42,66,10,72,12,27,34]
73 [51,2,16,10,66,78,72]
2 [8,67,48,49,16,78,20]
4 [22,35,47,4,17,46,9]
5 [41,65,60,39,5,57,11]
8 [54,48,35,2,47,67,52]
9 [9,30,46,8,47,56,4]
10 [78,10,66,27,34,72,42]
11 [11,57,1,28,75,41,5]
12 [78,54,17,72,48,34,27]
16 [10,16,42,78,72,73,51]
17 [56,4,9,26,19,49,27]
19 [16,42,51,19,30,40,49]
20 [78,20,2,66,51,49,72]
22 [52,49,35,67,56,47,8]
26 [56,72,27,48,12,34,54]
27 [8,52,78,54,47,67,12]
30 [19,40,4,35,22,30,42]
34 [54,26,78,72,27,12,48]
35 [4,22,47,40,8,56,52]
40 [40,42,30,35,19,4,22]
41 [5,57,63,39,75,11,41]
42 [73,51,16,4,2,66,10]
46 [56,4,9,78,35,30,47]
47 [27,47,67,22,56,52,8]
48 [52,8,67,48,34,54,2]
49 [48,8,67,27,17,9,56]
51 [40,19,20,10,2,16,42]
-1 -1
174 [128,97,131,152,174,150,101]
173 [169,173,135,172,170,101,138]
172 [143,146,149,166,159,171,164]
171 [164,157,159,171,94,131,101]
170 [172,142,140,101,138,135,173]
169 [135,132,136,173,152,101,165]
168 [101,165,162,164,149,155,142]
167 [165,169,163,161,156,160,101]
166 [164,160,159,166,161,171,141]
165 [169,172,167,170,173,117,165]
164 [101,128,157,159,149,172,168]
163 [153,168,142,101,141,148,147]
162 [162,139,134,101,155,142,97]
161 [171,161,159,101,164,139,166]
160 [161,171,166,156,159,157,164]
159 [139,161,159,137,164,157,171]
158 [136,135,132,158,133,154,156]
157 [159,157,171,101,131,160,164]
156 [138,169,101,156,160,167,158]
155 [144,172,149,150,156,101,142]
154 [101,145,132,133,143,158,154]
153 [168,162,142,140,101,146,144]
152 [172,101,170,97,174,150,152]
151 [97,115,151,148,144,153,150]
150 [147,163,148,174,97,141,151]
149 [101,142,155,153,144,171,172]
148 [151,141,150,147,101,163,148]
147 [139,159,137,148,134,163,147]
146 [149,144,155,101,140,153,165]
145 [132,133,136,154,101,145,143]
144 [172,143,149,140,155,101,153]
143 [146,140,149,165,101,158,154]
142 [163,153,142,155,97,168,162]
141 [163,148,101,147,141,151,150]
140 [138,173,170,101,140,172,142]
139 [147,159,157,139,148,162,134]
138 [169,152,101,170,138,173]
137 [134,137,139,101,172,147,135]
136 [101,165,169,136,135,132,139]
135 [171,164,172,136,135,137,147]
134 [142,97,162,101,160,134,139]
133 [143,145,95,101,133,132,154]
132 [167,158,156,133,135,136,132]
131 [152,174,151,134,131,128,97]
130 [113,96,87,101,95,112,100]
110 [87,130,112,100,110,117,97]
112 [117,97,110,113,96,87,130]
113 [96,100,114,112,97,128,87]
114 [95,114,101,87,80,94,112]
115 [110,117,97,96,100,115,151]
117 [151,97,110,100,117,115,130]
123 [123,119,121,122,127,126,120]
128 [134,131,97,162,112,87,113]
78 [16,73,47,78,9,22,35]
80 [100,115,80,114,94,95,110]
87 [130,87,112,115,97,113,96]
90 [103,99,109,108,107,106,98]
94 [87,100,96,114,115,155,101]
95 [112,95,114,94,101,133,80]
96 [114,113,101,94,96,87,100]
97 [117,152,131,150,112,115,151]
100 [112,128,113,110,94,114,96]
101 [167,158,156,173,138,165,169]
52 [17,52,73,19,51,20,27]
54 [54,9,2,67,51,19,49]
56 [35,73,17,34,67,19,2]
57 [5,65,60,39,41,57,11]
66 [35,8,4,49,51,67,16]
67 [16,66,67,4,35,8,2]
72 [17,52,73,78,20,72,40]
73 [51,27,52,46,40,73,17]
2 [12,2,54,8,67,34,42]
4 [67,16,66,78,35,8,42]
5 [5,41,65,60,39,11,57]
8 [17,8,35,2,67,19,4]
9 [72,20,40,19,48,47,22]
10 [27,56,17,46,73,20,30]
11 [5,11,1,28,75,41,57]
12 [30,22,46,42,34,2,73]
16 [73,16,47,26,52,49,66]
17 [20,30,10,73,52,27,56]
19 [12,42,35,17,34,2,56]
20 [72,40,30,10,20,17,27]
22 [49,19,51,40,78,52,26]
26 [9,22,35,17,2,78,72]
27 [73,27,52,20,30,72,46]
30 [12,46,20,73,72,40,10]
34 [78,16,47,52,48,2,56]
35 [67,35,8,19,4,73,17]
40 [22,9,40,72,20,30,73]
41 [5,57,41,11,75,63,39]
42 [56,19,42,12,67,2,34]
46 [40,10,30,2,73,12,46]
47 [2,56,34,22,35,78,16]
48 [12,2,48,40,67,56,22]
49 [16,49,66,67,19,51,54]
51 [22,49,51,17,27,52,19]
-1 -1
174 [131,94,112,115,80,114,110]
173 [173,117,87,165,156,114,152]
172 [142,153,162,172,159,170,154]
171 [164,162,153,171,161,168,166]
170 [172,140,144,134,142,159,154]
169 [167,143,147,145,155,136,132]
168 [153,164,161,168,157,140,173]
167 [169,155,136,143,154,132,165]
166 [133,115,95,171,157,163,164]
165 [157,101,165,168,130,134,137]
164 [157,168,164,171,162,161,153]
163 [100,128,97,96,140,160,94]
162 [159,154,172,162,146,142,153]
161 [157,168,132,171,153,164,161]
160 [156,113,96,95,94,163,140]
159 [170,165,154,139,142,172,159]
158 [143,136,145,169,134,162,149]
157 [101,134,165,153,157,168,173]
156 [113,100,128,97,131,137,130]
155 [170,172,159,155,134,144,146]
154 [172,159,134,170,130,165,149]
153 [162,150,142,141,101,152,148]
152 [87,160,156,137,114,152,173]
151 [87,151,117,131,97,80,112]
150 [148,101,141,149,158,150,162]
149 [162,149,143,153,134,145,158]
148 [173,87,152,140,130,101,141]
147 [147,155,135,145,96,160,167]
146 [146,135,96,147,134,144,142]
145 [147,135,134,143,149,136,158]
144 [97,170,144,134,155,142,146]
143 [96,163,160,158,147,167,149]
142 [101,148,153,134,146,162,150]
141 [158,150,153,141,152,148,101]
140 [164,171,166,163,96,160,95]
139 [139,134,164,172,154,144,159]
138 [158,148,162,157,138,101,153]
137 [141,152,148,96,137,130,160]
136 [169,136,132,149,167,143,145]
135 [135,146,167,145,142,144,147]
134 [156,130,135,144,137,168,165]
133 [115,114,95,80,157,163,110]
132 [132,167,145,136,143,165,169]
131 [94,80,112,151,156,113,131]
130 [128,131,113,100,130,156,137]
110 [112,115,174,80,95,110,114]
112 [110,174,113,131,159,94,80]
113 [133,100,165,137,113,128,130]
114 [133,80,115,140,174,110,95]
115 [114,140,95,80,174,117,112]
117 [174,114,110,87,112,151,80]
123 [123,119,122,121,126,127,120]
128 [156,113,114,100,117,131,130]
78 [49,8,40,46,78,19,54]
80 [115,112,151,110,174,87,117]
87 [151,80,117,131,87,112,110]
90 [103,99,109,108,107,106,98]
94 [80,115,112,97,151,139,159]
95 [163,164,166,110,133,112,115]
96 [163,140,160,136,147,167,138]
97 [170,172,144,159,163,97,94]
100 [133,152,100,112,128,97,94]
101 [134,137,165,138,148,153,141]
52 [46,56,9,52,12,48,16]
54 [20,22,8,19,42,35,54]
56 [16,73,9,42,22,56,48]
57 [57,41,65,60,39,11,5]
66 [27,49,12,34,66,40,30]
67 [72,26,2,67,46,12,49]
72 [19,54,67,48,35,47,26]
73 [66,40,30,73,46,10,2]
2 [40,34,30,72,2,73,26]
4 [56,9,20,4,16,17,35]
5 [41,11,57,60,65,39,5]
8 [16,9,27,8,19,10,34]
9 [9,52,16,48,73,46,56]
10 [10,12,51,17,49,66,30]
11 [57,41,1,28,75,5,11]
12 [78,30,22,26,47,42,49]
16 [56,48,16,52,9,12,27]
17 [47,42,48,51,35,4,16]
19 [35,54,46,20,8,19,78]
20 [66,27,12,42,9,46,22]
22 [46,67,12,42,20,78,30]
26 [49,67,12,26,54,72,2]
27 [49,26,12,16,51,10,73]
30 [12,78,22,34,40,20,66]
34 [10,51,8,34,19,49,78]
35 [22,56,20,48,42,54,47]
40 [34,73,30,78,12,40,66]
41 [41,11,57,63,39,75,5]
42 [67,49,56,48,42,12,47]
46 [54,19,20,73,56,22,9]
47 [67,12,49,26,72,35,48]
48 [52,27,16,51,42,9,56]
49 [72,35,47,46,26,67,12]
51 [19,78,34,12,67,51,10]
-1 -1
1 [2]
2 [3,1]
3 [4,2]
4 [5,3]
5 [6,4]
6 [7,5]
7 [8,6]
8 [9,7]
9 [10,8]
10 [11,9]
11 [12,10]
12 [13,11]
13 [14,12]
14 [15,13]
15 [16,14]
16 [17,15]
17 [18,16]
18 [19,17]
19 [20,18]
20 [21,19]
21 [22,20]
22 [23,21]
23 [24,22]
24 [25,23]
25 [26,24]
26 [27,25]
27 [28,26]
28 [29,27]
29 [30,28]
30 [31,29]
31 [32,30]
32 [33,31]
33 [34,32]
34 [35,33]
35 [36,34]
36 [37,35]
37 [38,36]
38 [39,37]
39 [40,38]
40 [41,39]
41 [42,40]
42 [43,41]
43 [44,42]
44 [45,43]
45 [46,44]
46 [47,45]
47 [48,46]
48 [49,47]
49 [50,48]
50 [51,49]
51 [52,50]
-1 -1
1 [5,2,8,7,1,6,9]
2 [1,4,11,8,7,5,2]
3 [11,2,7,3,9,4,8]
4 [9,10,12,4,5,14,11]
5 [7,8,12,6,3,5,4]
6 [6,8,11,9,13,14,5]
7 [10,9,1,4,8,3,11]
8 [12,4,5,8,7,3,2]
9 [13,6,8,20,1,9,16]
10 [4,12,9,10,6,11,3]
11 [13,6,14,3,5,11,8]
12 [11,10,14,1,5,4,12]
13 [13,6,14,20,1,16,9]
14 [3,5,14,20,22,17,13]
15 [18,28,19,26,1,12,15]
16 [20,16,15,14,1,13,9]
17 [20,16,21,5,13,14,22]
18 [28,18,19,26,17,15,23]
19 [12,15,19,23,18,28,21]
20 [22,20,17,23,9,16,21]
21 [31,21,16,17,26,22,14]
22 [26,21,31,14,20,23,17]
23 [27,24,26,28,21,22,17]
24 [22,17,23,25,24,27,33]
25 [33,29,25,34,31,24,27]
26 [21,30,31,27,14,22,33]
27 [27,31,29,33,26,24,25]
28 [22,23,17,26,18,19,15]
29 [30,33,25,31,27,24,29]
30 [35,26,33,27,29,25,24]
31 [14,21,23,17,22,33,26]
32 [43,38,34,44,41,39,42]
33 [29,30,25,31,34,27,24]
34 [34,30,35,33,42,24,39]
35 [32,42,36,26,34,39,33]
36 [40,36,34,38,45,37,42]
37 [38,43,37,40,45,35,36]
38 [39,42,32,40,43,51,41]
39 [51,44,49,33,35,34,42]
40 [40,43,38,36,37,34,42]
41 [32,43,46,51,48,45,38]
42 [40,36,41,35,38,32,39]
43 [40,45,37,39,41,43,38]
44 [41,46,51,49,47,50,48]
45 [24,35,34,37,36,42,38]
46 [38,41,49,32,45,43,46]
47 [47,51,50,41,44,49,48]
48 [48,49,51,38,44,50,41]
49 [35,34,39,46,41,51,44]
50 [47,50,32,44,41,48,49]
51 [51,50,44,45,41,46,49]
-1 -1
52 [52,57,56,62,53,58,54]
53 [35,48,54,56,51,55,57]
54 [52,59,58,55,57,53,35]
55 [35,55,56,50,57,53,51]
56 [52,54,59,57,55,53,58]
57 [57,60,58,59,61,51,52]
58 [53,35,54,57,62,52,59]
59 [57,60,62,59,64,61,58]
60 [60,57,59,62,58,52,61]
61 [61,60,65,62,58,59,64]
62 [62,59,57,60,61,56,58]
63 [74,71,70,64,69,72,65]
64 [63,65,64,59,60,61,62]
65 [65,64,68,69,66,67,63]
66 [67,69,66,64,63,65,68]
67 [75,73,74,66,64,69,65]
68 [76,73,71,68,72,70,66]
69 [65,68,66,63,69,67,74]
70 [71,76,73,69,74,70,63]
71 [63,70,72,71,76,75,73]
72 [76,75,73,72,65,63,70]
73 [74,70,72,75,73,71,76]
74 [69,65,67,74,75,73,72]
75 [75,74,77,71,76,72,73]
76 [73,71,77,76,72,75,74]
1 [21,3,4,2,12,11,1]
2 [15,2,28,12,25,19,16]
3 [3,1,2,21,11,6,12]
4 [9,10,13,6,21,11,17]
5 [5,18,33,16,21,27,20]
6 [7,28,12,2,4,3,6]
7 [28,6,12,13,10,8,9]
8 [12,9,6,8,13,7,10]
9 [11,17,10,16,9,5,2]
10 [11,17,4,5,2,9,21]
11 [6,10,21,12,3,17,4]
12 [12,6,8,9,7,2,28]
13 [20,22,14,24,29,33,17]
14 [20,22,15,16,5,21,19]
15 [2,16,28,13,21,22,15]
16 [14,15,19,25,12,28,2]
17 [27,4,17,6,5,11,10]
18 [28,23,15,40,25,33,20]
19 [28,2,16,20,14,22,15]
20 [14,22,5,21,15,19,25]
21 [16,21,22,25,5,20,3]
22 [20,3,21,15,5,2,16]
23 [33,20,18,31,23,16,28]
24 [43,23,31,28,18,33,24]
25 [40,18,26,34,25,5,20]
26 [20,26,25,43,40,17,18]
27 [4,13,17,29,20,18,27]
28 [28,16,2,22,15,12,19]
29 [29,31,30,14,18,20,27]
30 [29,37,34,40,32,45,43]
31 [33,24,30,35,43,23,39]
32 [45,41,25,38,52,51,50]
33 [29,37,39,24,22,17,13]
34 [48,32,51,34,42,46,49]
35 [48,46,54,56,51,55,47]
36 [42,49,38,36,39,37,47]
37 [47,38,48,44,37,45,32]
38 [39,37,36,41,38,42,49]
39 [39,34,37,31,43,30,29]
40 [33,24,25,40,18,26,43]
41 [20,25,37,32,48,50,51]
42 [42,32,46,44,38,50,48]
43 [35,38,49,43,30,25,40]
44 [30,29,37,44,51,45,48]
45 [32,41,36,51,45,37,44]
46 [57,52,42,51,34,54,40]
47 [34,46,49,47,51,38,35]
48 [32,50,51,42,46,54,44]
49 [30,40,43,42,36,35,38]
50 [20,25,48,44,32,51,41]
51 [46,49,34,54,44,48,32]
-1 -1
52 [42,51,50,34,61,47,52]
53 [53,58,64,59,56,55,46]
54 [64,46,60,59,53,55,56]
55 [64,35,46,53,54,56,58]
56 [56,46,64,60,58,55,54]
57 [56,46,53,54,59,61,34]
58 [58,53,46,56,59,54,55]
59 [58,55,59,53,46,56,54]
60 [53,59,55,60,46,56,54]
61 [43,57,26,47,61,52,34]
62 [41,57,48,62,51,32,47]
63 [70,65,69,63,68,76,75]
64 [26,45,34,30,64,46,53]
65 [63,72,67,66,75,70,69]
66 [72,65,63,73,69,71,74]
67 [65,67,69,75,72,70,68]
68 [63,76,67,70,72,66,75]
69 [70,75,65,66,67,69,71]
70 [75,73,72,67,66,70,65]
71 [71,74,75,68,65,66,69]
72 [69,65,71,75,72,66,70]
73 [68,72,66,71,74,76,73]
74 [66,69,71,74,68,76,73]
75 [75,63,67,69,68,65,70]
76 [66,69,71,74,76,73,72]
1 [28,6,9,4,1,15,10]
2 [2,11,17,7,13,8,10]
3 [48,3,26,34,33,57,41]
4 [27,31,16,29,19,18,6]
5 [21,16,27,22,40,20,14]
6 [4,1,22,8,12,28,6]
7 [10,7,8,2,11,17,39]
8 [17,39,7,11,6,13,10]
9 [31,19,4,18,28,40,9]
10 [13,29,24,10,12,11,8]
11 [10,11,1,17,12,7,2]
12 [7,2,24,28,12,11,17]
13 [13,5,11,16,24,18,4]
14 [7,15,20,27,39,16,22]
15 [22,14,16,15,17,39,7]
16 [40,22,31,14,20,6,21]
17 [2,17,12,11,8,39,7]
18 [1,6,4,16,18,13,24]
19 [18,1,4,17,9,31,40]
20 [10,13,24,15,14,5,16]
21 [16,27,10,6,20,5,14]
22 [22,28,9,21,15,19,17]
23 [23,30,3,36,64,44,26]
24 [20,24,5,7,11,29,13]
25 [49,25,36,64,30,21,33]
26 [23,44,30,41,26,3,48]
27 [20,5,14,21,18,16,27]
28 [28,15,22,21,18,19,9]
29 [9,40,19,29,4,18,24]
30 [3,48,26,64,50,23,44]
31 [6,21,16,20,19,40,22]
32 [51,50,37,42,32,52,47]
33 [3,57,41,25,38,49,45]
34 [46,53,64,3,41,26,45]
35 [62,41,48,35,53,46,64]
36 [26,41,48,38,3,33,49]
37 [51,32,37,26,42,44,50]
38 [25,38,40,36,30,45,33]
39 [22,5,20,39,8,7,15]
40 [22,40,31,17,9,20,19]
41 [38,45,33,48,26,3,57]
42 [51,44,35,32,47,50,52]
43 [34,53,57,30,41,43,61]
44 [46,64,41,51,44,30,50]
45 [32,52,47,49,23,51,62]
46 [55,56,54,58,46,64,35]
47 [47,45,51,37,32,52,42]
48 [33,49,36,35,23,26,41]
49 [45,38,49,48,25,36,35]
50 [34,3,26,51,32,37,44]
51 [32,51,37,44,50,35,42]
-1 -1
77 [70,69,77,66,72,71,74]
78 [83,71,75,76,73,81,79]
79 [86,80,85,81,83,78,73]
80 [84,85,81,73,89,82,80]
81 [82,81,88,84,79,87,85]
82 [83,80,79,84,89,93,85]
83 [85,80,73,79,83,78,74]
84 [84,85,86,88,90,96,100]
85 [78,73,79,91,88,86,80]
86 [80,84,85,82,90,91,88]
87 [89,85,82,88,79,81,87]
88 [96,100,84,82,91,86,90]
89 [83,79,73,96,100,90,82]
90 [101,91,93,92,94,96,100]
91 [94,96,90,99,100,101,91]
92 [95,98,97,93,100,96,94]
93 [93,85,82,92,84,86,89]
94 [96,100,90,99,97,93,92]
95 [97,98,92,86,95,101,99]
96 [100,89,84,93,98,97,90]
97 [92,100,96,86,95,101,98]
98 [101,95,86,99,92,97,98]
99 [97,98,100,101,99,86,95]
100 [89,82,84,100,88,90,96]
101 [86,90,91,99,101,100,98]
52 [35,53,32,26,51,47,42]
53 [35,54,36,60,33,62,48]
54 [60,62,53,56,47,35,54]
55 [58,55,46,33,49,41,38]
56 [58,54,61,46,60,56,37]
57 [46,41,57,43,58,38,55]
58 [56,58,55,60,37,53,46]
59 [60,53,59,48,62,42,36]
60 [36,26,49,53,35,62,60]
61 [25,23,53,58,38,48,61]
62 [54,47,35,60,49,36,59]
63 [74,68,66,73,63,69,72]
64 [64,3,25,34,30,40,26]
65 [75,79,77,68,66,74,67]
66 [66,63,83,77,74,68,70]
67 [69,70,76,63,65,68,67]
68 [68,66,72,74,63,75,70]
69 [77,69,66,75,68,70,71]
70 [68,67,71,69,74,65,70]
71 [83,71,75,66,78,76,69]
72 [71,72,69,83,78,63,66]
73 [90,82,89,80,66,83,79]
74 [68,70,66,73,80,83,77]
75 [75,69,71,78,63,83,76]
76 [79,83,78,68,77,75,76]
1 [28,8,4,9,10,12,27]
2 [20,28,6,15,18,17,7]
3 [50,23,34,3,40,64,25]
4 [12,27,1,20,21,28,8]
5 [28,27,5,14,17,8,9]
6 [18,7,2,6,11,20,28]
7 [1,17,7,11,12,10,2]
8 [8,20,4,1,28,27,6]
9 [2,4,16,14,10,12,5]
10 [9,10,12,16,2,7,17]
11 [2,7,18,28,6,20,11]
12 [17,12,10,5,14,9,16]
13 [21,24,13,9,29,19,15]
14 [17,7,1,12,15,4,19]
15 [22,2,18,12,15,1,13]
16 [19,20,39,18,17,11,12]
17 [7,12,10,11,2,17,1]
18 [15,11,7,13,1,22,2]
19 [20,39,29,24,16,18,13]
20 [4,21,28,7,17,39,6]
21 [21,29,24,13,27,15,28]
22 [31,21,24,13,12,15,1]
23 [64,34,25,40,3,38,48]
24 [19,13,17,27,9,29,21]
25 [48,23,25,64,30,34,3]
26 [43,40,26,35,52,42,49]
27 [20,4,28,27,17,1,5]
28 [1,5,27,39,6,20,4]
29 [4,9,21,22,29,13,24]
30 [25,64,3,26,30,37,34]
31 [21,24,15,28,5,27,31]
32 [47,42,52,32,35,50,53]
33 [33,60,37,58,62,36,59]
34 [64,3,25,26,37,34,30]
35 [36,59,62,44,53,54,47]
36 [53,60,38,49,33,59,62]
37 [48,37,60,56,30,34,58]
38 [61,23,48,57,46,58,55]
39 [11,12,16,18,13,19,20]
40 [42,49,26,25,40,57,43]
41 [41,57,55,38,43,49,46]
42 [32,47,35,51,26,42,52]
43 [38,55,41,46,49,40,57]
44 [44,51,35,50,45,52,47]
45 [52,47,53,35,50,44,45]
46 [46,38,55,56,37,58,41]
47 [44,45,42,52,47,32,51]
48 [46,55,38,25,48,61,23]
49 [62,60,42,40,49,36,26]
50 [41,35,40,45,53,43,50]
51 [47,44,50,51,52,35,45]
-1 -1
102 [91,79,99,103,102,105,107]
103 [106,107,103,81,108,105,102]
104 [103,107,86,110,109,95,102]
105 [101,103,105,109,107,102,99]
106 [109,104,86,84,108,107,103]
107 [109,95,104,105,110,106,103]
108 [110,101,106,84,105,108,86]
109 [111,110,107,102,95,104,86]
110 [96,101,108,105,86,106,107]
111 [110,105,107,120,104,109,113]
112 [113,112,111,116,114,121,115]
113 [111,107,109,114,120,112,110]
114 [120,113,118,116,115,110,114]
115 [111,120,113,112,114,119,115]
116 [120,119,116,117,115,121,118]
117 [116,118,119,114,115,117,120]
118 [115,119,120,121,117,116,118]
119 [121,118,116,119,112,120,115]
120 [119,121,116,112,113,120,118]
121 [119,115,114,117,118,116,121]
122 [123,126,122,128,125,127,124]
123 [126,128,125,127,123,122,124]
124 [125,122,127,126,123,124]
125 [128,127,124,125,126,122,123]
126 [125,127,128,126]
127 [126,127,128,125,123,124]
128 [124,123,125,126,128,127]
77 [78,69,67,73,68,65,72]
78 [69,65,67,71,76,82,63]
79 [63,87,71,96,97,99,93]
80 [80,84,90,68,88,87,83]
81 [105,107,102,81,84,88,95]
82 [66,68,74,76,77,78,63]
83 [83,87,84,71,85,90,80]
84 [85,83,94,90,84,80,87]
85 [80,84,99,95,87,88,94]
86 [103,106,110,107,109,104,95]
87 [76,75,83,80,69,71,84]
88 [68,101,81,95,94,85,87]
89 [89,91,81,79,92,99,93]
90 [83,94,84,85,87,80,90]
91 [97,94,93,92,91,89,99]
92 [99,91,97,73,102,92,89]
93 [93,90,94,89,91,99,97]
94 [91,97,93,88,98,96,90]
95 [92,102,89,101,88,95,81]
96 [103,101,97,81,89,93,98]
97 [94,96,93,85,100,91,99]
98 [98,71,79,101,89,93,96]
99 [99,94,93,97,96,91,79]
100 [84,94,99,83,93,85,97]
101 [103,108,105,98,102,86,106]
52 [52,48,53,33,25,59,34]
53 [51,44,45,33,42,52,62]
54 [30,54,62,57,64,43,23]
55 [55,36,53,49,60,26,61]
56 [40,43,26,37,54,60,36]
57 [3,38,30,64,23,47,41]
58 [54,30,48,52,59,34,58]
59 [53,25,33,59,52,48,34]
60 [57,54,23,41,36,56,43]
61 [52,48,51,53,59,34,25]
62 [48,58,34,52,37,33,53]
63 [72,77,70,63,76,82,78]
64 [51,56,32,30,26,40,23]
65 [63,70,78,73,77,72,67]
66 [65,72,70,74,63,77,66]
67 [63,67,73,82,78,69,76]
68 [82,66,74,89,87,68,65]
69 [75,76,78,77,65,67,71]
70 [82,78,63,69,66,72,77]
71 [76,74,69,75,71,84,87]
72 [73,77,72,66,65,63,70]
73 [65,72,67,89,63,70,77]
74 [65,68,63,82,77,66,75]
75 [86,90,83,96,76,78,71]
76 [71,75,63,67,74,69,78]
1 [5,15,27,28,11,7,4]
2 [31,29,8,10,2,22,16]
3 [3,41,38,54,57,23,64]
4 [11,17,31,28,10,14,1]
5 [15,28,27,11,9,20,6]
6 [21,20,17,14,6,8,4]
7 [6,14,31,4,7,1,11]
8 [15,29,18,22,16,2,31]
9 [12,5,11,1,17,6,9]
10 [7,6,14,2,13,17,12]
11 [17,12,31,1,27,7,4]
12 [22,12,16,17,1,5,11]
13 [24,8,29,39,31,17,13]
14 [7,1,14,2,11,4,10]
15 [28,19,24,13,10,15,39]
16 [12,22,16,13,19,18,2]
17 [4,11,31,6,12,17,8]
18 [2,31,8,24,28,15,29]
19 [21,24,19,20,17,2,18]
20 [4,6,8,5,15,24,21]
21 [21,1,10,7,8,24,20]
22 [14,1,4,12,22,2,16]
23 [43,61,37,57,54,64,3]
24 [8,18,29,13,20,21,39]
25 [53,34,59,51,61,58,48]
26 [32,36,56,49,60,35,26]
27 [7,4,1,6,5,10,15]
28 [10,39,8,24,27,15,7]
29 [39,13,24,29,4,8,18]
30 [54,62,53,33,37,43,30]
31 [29,4,8,22,31,17,12]
32 [32,26,49,54,40,56,36]
33 [33,32,35,43,53,62,37]
34 [45,43,51,53,25,61,59]
35 [35,44,42,26,32,51,45]
36 [36,55,26,60,59,61,53]
37 [64,51,32,43,44,35,33]
38 [46,38,50,57,55,41,3]
39 [18,28,15,21,24,10,39]
40 [36,49,60,64,62,43,54]
41 [45,46,37,33,61,47,43]
42 [44,41,47,38,45,52,46]
43 [60,36,56,54,64,40,43]
44 [41,61,47,32,44,35,51]
45 [53,62,33,44,42,46,52]
46 [47,43,41,52,44,45,46]
47 [52,42,55,38,57,47,41]
48 [34,25,61,48,52,53,59]
49 [47,41,60,26,43,50,55]
50 [23,3,64,57,47,41,40]
51 [33,47,45,36,56,32,44]
-1 -1
102 [86,110,105,98,101,102,109]
103 [102,109,106,92,111,97,89]
104 [108,86,106,91,109,107,101]
105 [94,91,108,104,105,99,109]
106 [106,104,89,108,86,109,101]
107 [92,103,116,111,106,89,108]
108 [94,89,104,107,102,86,106]
109 [110,103,109,97,92,86,107]
110 [103,97,109,106,105,110,107]
111 [118,127,111,95,92,113,97]
112 [128,125,126,127,119,122,123]
113 [113,97,112,120,107,118,111]
114 [114,116,111,122,115,112,118]
115 [115,118,116,121,114,122,119]
116 [122,115,119,112,118,114,116]
117 [121,122,119,111,113,112,114]
118 [118,115,119,116,112,122,114]
119 [123,127,120,118,122,116,124]
120 [111,123,127,120,126,125,119]
121 [124,120,127,123,119,112,122]
122 [116,124,119,112,115,114,118]
123 [112,126,125,127,124,128,123]
124 [120,123,128,125,121,119,127]
125 [117,120,128,112,121,119,126]
126 [123,128,122,118,112,126,125]
127 [122,121,125,128,124,120,126]
128 [123,112,126,127,121,128,125]
77 [68,74,66,80,77,63,90]
78 [83,76,70,63,90,74,66]
79 [88,79,72,71,84,82,76]
80 [87,75,80,95,70,68,69]
81 [92,81,93,95,87,67,85]
82 [82,87,71,74,79,84,72]
83 [78,67,83,73,77,74,71]
84 [89,91,74,84,72,94,82]
85 [66,71,67,65,84,82,63]
86 [109,86,101,110,107,108,106]
87 [75,80,73,72,70,83,71]
88 [70,82,88,66,79,72,65]
89 [92,90,103,106,109,108,107]
90 [78,67,70,88,97,74,103]
91 [73,96,94,89,82,84,91]
92 [97,92,88,90,95,81,103]
93 [95,81,96,68,80,69,93]
94 [107,103,89,91,82,104,84]
95 [69,93,75,87,80,100,81]
96 [93,80,69,88,89,94,73]
97 [102,101,109,92,89,103,111]
98 [100,98,69,91,84,102,101]
99 [100,96,73,105,108,104,94]
100 [101,102,98,88,69,96,73]
101 [110,107,98,69,102,109,100]
52 [57,43,42,41,47,52,46]
53 [48,34,58,59,40,53,30]
54 [32,43,62,54,57,60,40]
55 [26,47,49,53,44,50,55]
56 [48,45,51,61,50,64,32]
57 [43,42,30,3,52,46,40]
58 [30,53,58,48,34,36,59]
59 [59,52,64,53,47,25,30]
60 [43,38,57,3,47,41,40]
61 [56,50,64,61,62,23,35]
62 [40,34,36,35,48,33,37]
63 [85,70,63,74,90,77,66]
64 [36,64,59,34,56,53,30]
65 [81,67,85,90,72,88,82]
66 [63,90,77,69,79,68,74]
67 [69,70,67,71,87,83,76]
68 [74,78,66,87,68,69,79]
69 [73,94,93,69,101,100,96]
70 [85,84,82,87,71,83,74]
71 [76,68,71,83,85,77,67]
72 [70,85,82,76,65,88,79]
73 [96,73,94,76,99,89,71]
74 [66,84,90,82,74,63,78]
75 [95,75,96,73,69,80,100]
76 [80,70,87,73,67,83,71]
1 [12,14,27,4,15,9,28]
2 [27,1,28,15,12,14,2]
3 [26,38,47,42,3,46,41]
4 [31,13,17,4,14,15,11]
5 [6,20,8,9,28,7,18]
6 [13,31,16,14,22,24,6]
7 [28,39,1,7,24,29,22]
8 [28,20,1,18,8,39,12]
9 [22,2,14,17,5,9,10]
10 [4,9,17,39,16,31,21]
11 [1,15,9,24,13,10,21]
12 [14,12,27,39,28,7,1]
13 [24,19,39,31,10,29,21]
14 [10,17,31,29,12,27,24]
15 [22,14,11,17,5,9,4]
16 [22,24,6,2,17,13,31]
17 [31,21,10,17,4,11,9]
18 [6,7,22,9,19,16,5]
19 [18,5,20,7,31,29,8]
20 [19,7,8,16,14,18,20]
21 [4,14,15,21,11,9,10]
22 [16,5,18,22,6,1,7]
23 [35,32,64,62,61,44,56]
24 [29,20,19,31,16,6,22]
25 [25,47,42,33,51,38,52]
26 [36,60,26,57,41,38,46]
27 [8,18,39,27,24,14,12]
28 [39,12,1,20,9,15,7]
29 [31,5,7,20,24,22,19]
30 [23,44,56,53,30,64,59]
31 [5,28,7,24,8,18,29]
32 [56,32,23,35,61,64,51]
33 [44,33,45,25,48,58,34]
34 [40,43,36,33,59,58,48]
35 [35,50,23,36,62,56,32]
36 [33,37,62,36,60,40,34]
37 [64,36,59,58,37,62,35]
38 [46,47,41,52,57,38,26]
39 [7,1,18,27,2,12,8]
40 [34,40,36,57,38,43,60]
41 [3,46,52,38,40,60,47]
42 [26,36,60,57,42,41,52]
43 [52,42,62,43,38,57,54]
44 [58,62,33,49,61,56,50]
45 [30,45,51,53,52,48,25]
46 [47,60,41,40,42,52,57]
47 [47,25,52,51,49,38,58]
48 [45,30,51,34,48,33,44]
49 [44,50,23,62,49,55,32]
50 [58,53,49,33,55,50,44]
51 [64,59,30,23,40,48,32]
-1 -1
102 [121,127,100,106,102,101,73]
106 [76,87,73,100,102,101,98]
107 [107,119,123,112,122,118,113]
108 [86,100,121,101,127,123,98]
111 [111,108,86,123,106,120,100]
112 [119,113,120,122,116,123,121]
113 [116,121,112,118,113,119,107]
116 [121,100,116,118,122,120,107]
118 [122,121,120,116,123,113,107]
119 [122,107,119,112,120,118,113]
120 [107,118,120,122,111,121,116]
121 [127,111,100,121,113,112,123]
122 [120,116,121,107,100,122,118]
123 [98,101,108,123,119,127,106]
127 [120,100,113,121,106,123,119]
77 [80,79,74,82,69,66,77]
79 [72,80,74,79,69,77,66]
80 [66,79,77,69,87,74,67]
82 [65,67,72,82,87,73,76]
86 [100,111,123,102,108,106,86]
87 [76,98,69,87,82,73,74]
98 [98,123,69,102,100,108,101]
100 [122,116,102,106,86,121,120]
101 [101,106,87,73,100,98,102]
53 [40,34,41,50,59,53,30]
59 [30,41,53,43,40,32,59]
65 [65,67,74,80,72,69,87]
66 [76,74,87,69,66,77,79]
67 [73,76,82,67,65,69,87]
69 [69,67,65,87,66,79,77]
72 [80,87,74,65,82,72,66]
73 [102,106,101,87,98,82,76]
74 [77,66,79,72,80,73,87]
76 [74,87,101,73,76,82,72]
2 [16,6,28,24,19,2,27]
6 [6,31,16,22,2,27,28]
9 [9,22,17,27,6,28,19]
16 [28,16,6,2,31,27,17]
17 [16,19,6,9,22,24,17]
19 [27,31,24,17,6,16,22]
22 [22,9,19,28,24,2,17]
24 [19,24,28,27,6,17,22]
27 [19,9,27,22,16,28,24]
28 [27,2,28,16,6,24,31]
30 [41,53,51,30,59,40,32]
31 [17,16,19,9,2,27,31]
32 [41,34,43,59,32,40,36]
34 [40,36,32,34,41,43,53]
36 [41,32,43,36,40,34,62]
40 [34,36,41,40,30,43,32]
41 [30,53,32,41,40,34,36]
43 [34,36,43,30,40,41,32]
-1 -1
174 [174,40,59,145,43,169,172]
173 [169,171,174,172,165,167,173]
172 [173,165,167,169,59,172,174]
171 [171,173,32,172,167,165,169]
170 [173,167,169,170,157,32,163]
169 [160,158,157,173,167,32,171]
168 [168,32,143,142,151,166]
167 [169,171,165,32,167,173]
166 [151,168,142,32,153,166]
165 [170,169,171,32,165,167]
164 [156,158,32,164,162,160]
163 [143,161,32,158,170,163]
162 [156,144,159,162,157,158,160]
161 [151,149,32,136,161,130,134]
160 [164,162,160,130,153,157,32]
159 [159,32,156,160,154,144,162]
158 [162,160,164,154,156,32,158]
157 [157,159,32,160]
156 [139,137,154,32,144]
155 [53,41,147,173,32,143,161]
154 [32,156,137,159,158,154,144]
153 [170,169,32,149,130,43,36]
152 [143,142,152,32,146,150,148]
151 [149,138,32,153,166,168,151]
150 [140,149,150,144,152,148,141]
149 [138,32,168,152,141,150,153]
148 [146,142,143,148,159,32,152]
147 [34,41,143,146,40,30,53]
146 [152,148,143,53,147,145,146]
145 [41,30,40,171,161,130,174]
144 [162,159,158,137,32,156,154]
143 [161,151,32,152,147,146,148]
142 [148,152,166,168,32,143,142]
141 [136,140,32,144,152,132,150]
140 [149,141,150,132,134,140,136]
139 [139,133,140,32,137,131,135]
138 [153,170,32,134,36,59,138]
137 [159,154,144,53,32,140,141]
136 [132,144,140,141,138,136,134]
135 [133,131,135,137,32,139,138]
134 [131,138,32,132,140,134,136]
133 [139,135,32,138,131,133]
132 [137,159,144,32,153,149,140]
131 [134,138,135,133,140,136,131]
130 [130,135,139,132,161,32,36]
102 [121,119,79,82,67,101,112]
106 [111,86,120,127,108,100,106]
107 [101,122,119,107,116,108,118]
108 [127,87,116,107,121,122,100]
111 [120,111,86,127,118,100,106]
112 [102,119,120,101,122,112,113]
113 [119,108,113,101,118,107,112]
116 [120,118,123,116,121,122,108]
118 [119,108,122,118,112,113,107]
119 [121,123,119,101,107,108,112]
120 [111,106,107,127,120,118,123]
121 [123,108,119,101,102,112,122]
122 [118,113,108,123,122,116,121]
123 [108,119,118,107,112,121,122]
127 [76,98,127,106,87,116,100]
77 [73,74,79,77,98,65,72]
79 [79,82,101,77,74,80,73]
80 [77,74,69,101,80,82,73]
82 [79,73,82,67,76,65,101]
86 [100,86,127,106,101,74,102]
87 [100,106,127,87,74,116,98]
98 [76,79,98,116,108,100,72]
100 [100,127,107,116,123,87,108]
101 [116,121,122,69,112,113,73]
53 [41,147,155,30,146,53,40]
59 [34,150,43,174,36,32,59]
65 [82,79,65,100,98,72,66]
66 [86,74,102,67,65,66,77]
67 [67,80,73,66,69,82,101]
69 [69,74,80,72,66,67,73]
72 [98,106,100,77,79,76,74]
73 [102,67,101,73,72,74,79]
74 [80,77,74,101,86,102,79]
76 [72,79,76,77,74,98,87]
2 [22,28,19,16,2,9,17]
6 [27,6,2,31,19,22,28]
9 [24,31,6,16,17,22,9]
16 [17,28,9,6,24,22,16]
17 [24,22,31,6,28,9,27]
19 [16,2,6,17,31,22,28]
22 [2,27,9,6,28,31,17]
24 [6,19,22,27,28,31,24]
27 [2,24,31,22,19,6,27]
28 [31,19,28,16,24,17,9]
30 [147,145,30,174,155,53,40]
31 [9,16,17,31,19,6,28]
32 [170,160,173,157,171,163,169]
34 [150,172,43,154,53,41,34]
36 [43,136,59,41,149,32,153]
40 [147,40,53,145,174,155,30]
41 [59,30,144,53,174,40,147]
43 [131,136,141,172,32,59,150]
-1 -1
174 [174,161,173,155,140,30,166]
173 [149,173,161,159,130,153,155]
172 [155,136,153,59,172,43,132]
171 [170,167,171,135,156,131,133]
170 [134,143,138,165,40,142,149]
169 [141,152,150,133,131,169,135]
168 [142,168,156,150,148,53,141]
167 [137,164,173,171,153,159,162]
166 [156,166,59,41,30,155,174]
165 [162,163,32,149,151,146,165]
164 [145,159,41,170,166,30,173]
163 [145,163,148,160,170,32,41]
162 [132,157,43,34,171,167,160]
161 [155,173,161,149,159,174,130]
160 [165,158,143,157,160,138,32]
159 [141,140,157,173,148,41,174]
158 [143,149,165,138,158,144,154]
157 [137,34,157,132,162,43,160]
156 [156,166,30,169,131,135,133]
155 [170,165,149,161,159,173,153]
154 [150,36,130,154,131,156,135]
153 [132,153,172,173,155,136,133]
152 [150,40,142,147,137,154,144]
151 [147,155,136,172,165,146,153]
150 [135,169,41,168,141,137,152]
149 [173,153,155,30,138,170,165]
148 [170,142,40,141,53,163,41]
147 [146,147,149,150,161,152,155]
146 [147,149,136,153,146,165,151]
145 [159,148,41,170,32,157,163]
144 [135,144,137,158,150,152,154]
143 [143,160,138,154,149,165,158]
142 [144,152,150,142,171,40,148]
141 [41,141,43,148,142,168,53]
140 [140,139,173,138,167,174,159]
139 [140,138,139,173,174,40,134]
138 [142,149,170,156,138,134,143]
137 [43,34,147,144,154,36,152]
136 [133,136,153,146,130,132,151]
135 [135,133,131,36,130,154,156]
134 [30,139,134,135,143,138,156]
133 [133,153,40,171,131,132,136]
132 [157,43,159,59,132,153,172]
131 [154,156,135,131,171,169,133]
130 [136,151,173,130,36,146,154]
102 [111,119,120,82,106,79,102]
106 [65,76,102,119,69,73,86]
107 [122,113,123,107,87,121,118]
108 [121,118,107,87,123,108,122]
111 [80,102,116,106,111,77,127]
112 [67,72,69,106,79,127,100]
113 [107,113,108,101,118,122,123]
116 [77,127,111,74,80,102,82]
118 [80,102,98,112,77,116,118]
119 [112,79,127,120,86,119,106]
120 [79,102,86,120,111,119,69]
121 [66,121,87,77,122,118,107]
122 [87,113,108,107,122,123,118]
123 [118,123,101,87,107,122,113]
127 [86,119,127,106,100,112,79]
77 [86,112,127,101,116,111,106]
79 [111,86,67,82,79,120,102]
80 [80,82,116,100,76,72,74]
82 [98,116,118,79,82,80,102]
86 [112,79,127,106,69,120,111]
87 [107,87,121,65,101,66,77]
98 [116,118,98,102,74,76,82]
100 [73,67,65,69,72,100,74]
101 [113,123,122,107,118,66,101]
53 [41,142,148,43,168,53,141]
59 [162,132,59,167,159,172,153]
65 [69,106,73,121,76,66,87]
66 [98,76,73,121,65,101,66]
67 [79,120,74,100,69,73,67]
69 [106,76,73,98,65,72,120]
72 [73,76,69,65,74,72,80]
73 [87,65,120,73,69,86,106]
74 [98,69,65,72,74,80,76]
76 [86,106,67,69,73,66,65]
2 [16,27,28,17,9,31,22]
6 [17,31,24,9,28,27,2]
9 [31,16,17,9,6,22,2]
16 [16,31,2,22,24,28,27]
17 [31,17,24,2,19,27,9]
19 [22,31,2,27,28,19,24]
22 [22,17,31,9,27,6,2]
24 [2,6,27,9,22,31,17]
27 [19,31,24,28,22,2,6]
28 [9,22,2,19,24,16,27]
30 [139,134,166,173,170,138,164]
31 [16,9,17,31,27,24,22]
32 [146,165,59,157,162,41,163]
34 [155,137,36,162,43,154,34]
36 [152,36,137,150,144,158,154]
40 [53,41,148,30,149,170,142]
41 [30,173,164,157,163,145,159]
43 [43,160,162,172,132,157,34]
-1 -1
