0 1 [2]
0 2 [3,1]
0 3 [4,2]
0 4 [5,3]
0 5 [6,4]
0 6 [7,5]
0 7 [8,6]
0 8 [9,7]
0 9 [10,8]
0 10 [11,9]
0 11 [12,10]
0 12 [13,11]
0 13 [14,12]
0 14 [15,13]
0 15 [16,14]
0 16 [17,15]
0 17 [18,16]
0 18 [19,17]
0 19 [20,18]
0 20 [21,19]
0 21 [22,20]
0 22 [23,21]
0 23 [24,22]
0 24 [25,23]
0 25 [26,24]
0 26 [27,25]
0 27 [28,26]
0 28 [29,27]
0 29 [30,28]
0 30 [31,29]
0 31 [32,30]
0 32 [33,31]
0 33 [34,32]
0 34 [35,33]
0 35 [36,34]
0 36 [37,35]
0 37 [38,36]
0 38 [39,37]
0 39 [40,38]
0 40 [41,39]
0 41 [42,40]
0 42 [43,41]
0 43 [44,42]
0 44 [45,43]
0 45 [46,44]
0 46 [47,45]
0 47 [48,46]
0 48 [49,47]
0 49 [50,48]
0 50 [51,49]
0 51 [52,50]
20 1 [10,7,3,4,5,9,6]
20 2 [16,30,8,4,13,3,7]
20 3 [11,15,10,1,3,5,7]
20 4 [13,4,5,8,9,10,6]
20 5 [6,5,1,13,8,9,4]
20 6 [13,3,6,9,10,5,1]
20 7 [1,10,3,9,6,14,2]
20 8 [12,6,4,13,30,11,19]
20 9 [13,6,5,7,3,1,9]
20 10 [2,7,14,6,1,3,5]
20 11 [11,3,10,19,8,12,15]
20 12 [7,14,2,13,4,8,12]
20 13 [4,5,13,8,3,6,7]
20 14 [21,16,15,14,10,2,11]
20 15 [27,34,28,12,13,15,20]
20 16 [30,12,8,21,15,13,16]
20 17 [31,22,27,30,23,17,21]
20 18 [20,18,22,23,14,16,21]
20 19 [11,8,12,30,28,15,20]
20 20 [11,15,26,13,28,12,19]
20 21 [17,23,14,26,22,18,16]
20 22 [20,26,23,28,18,29,27]
20 23 [22,21,19,30,18,17,23]
20 24 [22,24,29,28,26,32,30]
20 25 [31,32,29,25,26,24,28]
20 26 [19,15,20,27,26,18,17]
20 27 [34,25,28,22,18,17,26]
20 28 [24,22,29,25,15,20,26]
20 29 [21,18,28,26,27,22,24]
20 30 [12,2,8,15,20,11,19]
20 31 [22,29,27,33,34,32,25]
20 32 [25,32,29,28,34,33,31]
20 33 [34,31,32,39,35,38,37]
20 34 [29,25,38,33,32,28,31]
20 35 [46,35,37,33,44,41,39]
20 36 [33,38,34,37,31,35,36]
20 37 [42,40,43,33,37,41,35]
20 38 [33,36,38,31,46,39,35]
20 39 [37,41,44,46,38,39,35]
20 40 [38,39,44,48,42,40,43]
20 41 [35,39,41,37,33,40,43]
20 42 [40,43,47,49,42,48,45]
20 43 [48,45,42,44,40,46,47]
20 44 [35,41,33,46,40,43,44]
20 45 [47,50,40,45,43,49,42]
20 46 [41,35,47,48,43,39,44]
20 47 [46,47,51,48,45,49,50]
20 48 [45,49,50,44,43,42,40]
20 49 [47,50,40,43,42,45,49]
20 50 [43,48,42,50,51,45,49]
20 51 [50,43,48,46,42,51,45]
40 52 [57,52,54,45,37,44,53]
40 53 [53,46,47,43,52,44,49]
40 54 [44,53,52,51,61,54,57]
40 55 [50,40,46,56,59,51,58]
40 56 [62,60,52,56,58,57,51]
40 57 [61,59,51,56,62,60,55]
40 58 [58,59,61,51,55,43,54]
40 59 [59,58,54,55,41,51,62]
40 60 [66,70,65,57,62,63,60]
40 61 [64,63,61,57,51,54,59]
40 62 [63,64,56,65,62,61,60]
40 63 [54,61,62,65,60,63,64]
40 64 [60,62,63,64,65,69,66]
40 65 [63,60,68,66,69,70,64]
40 66 [68,66,67,69,64,61,65]
40 67 [71,69,68,70,65,67,66]
40 68 [65,66,71,70,69,67,68]
40 69 [66,67,72,73,71,65,69]
40 70 [70,72,74,68,73,69,71]
40 71 [75,73,72,74,71,76,69]
40 72 [71,70,73,69,68,74,72]
40 73 [71,72,69,74,76,75,73]
40 74 [72,73,75,71,76,74]
40 75 [76,70,73,77,75,74]
40 76 [71,73,77,72,76,74,75]
40 1 [30,35,33,26,4,16,6]
40 2 [2,30,23,25,4,18,16]
40 3 [26,6,16,12,2,3,4]
40 4 [11,18,12,13,2,16,3]
40 5 [18,11,1,3,21,14,10]
40 6 [4,3,10,26,6,1,33]
40 7 [6,8,33,38,7,19,17]
40 8 [3,4,13,16,33,8,6]
40 9 [10,25,9,27,15,34,37]
40 10 [10,3,5,9,1,26,25]
40 11 [11,12,21,18,10,22,7]
40 12 [23,20,16,3,4,12,11]
40 13 [8,16,33,24,35,13,28]
40 14 [21,18,3,10,14,12,5]
40 15 [32,27,15,10,2,25,9]
40 16 [6,5,3,30,13,4,2]
40 17 [36,32,35,39,19,30,34]
40 18 [18,21,10,5,14,23,12]
40 19 [19,36,17,25,34,32,42]
40 20 [4,11,12,7,22,23,20]
40 21 [5,18,2,22,23,12,14]
40 22 [22,21,24,11,12,7,23]
40 23 [7,23,22,18,11,20,12]
40 24 [24,28,23,8,7,13,22]
40 25 [15,25,9,34,14,5,10]
40 26 [6,14,21,5,25,10,1]
40 27 [32,27,16,9,15,29,31]
40 28 [13,28,24,22,30,23,8]
40 29 [34,31,15,17,9,27,29]
40 30 [30,2,16,4,35,14,18]
40 31 [17,35,33,30,19,31,36]
40 32 [29,32,27,38,16,15,9]
40 33 [16,6,1,17,30,35,13]
40 34 [31,34,25,36,39,17,19]
40 35 [31,30,34,17,35,36,32]
40 36 [36,42,37,17,34,41,19]
40 37 [40,45,52,15,44,9,34]
40 38 [9,38,19,37,52,50,44]
40 39 [19,32,36,31,27,29,17]
40 40 [17,40,49,50,44,45,46]
40 41 [40,41,42,47,48,49,43]
40 42 [42,36,19,51,41,37,43]
40 43 [49,55,51,52,44,43,53]
40 44 [37,40,45,52,19,38,50]
40 45 [17,42,40,50,44,46,45]
40 46 [51,58,55,44,50,40,45]
40 47 [43,44,53,48,51,49,46]
40 48 [47,40,50,42,43,41,48]
40 49 [49,55,51,48,43,53,47]
40 50 [41,50,48,42,46,47,40]
40 51 [43,49,46,58,47,53,55]
60 77 [78,76]
60 78 [79,77]
60 79 [80,78]
60 80 [81,79]
60 81 [82,80]
60 82 [83,81]
60 83 [84,82]
60 84 [85,83]
60 85 [86,84]
60 86 [87,85]
60 87 [88,86]
60 88 [89,87]
60 89 [90,88]
60 90 [91,89]
60 91 [92,90]
60 92 [93,91]
60 93 [94,92]
60 94 [95,93]
60 95 [96,94]
60 96 [97,95]
60 97 [98,96]
60 98 [99,97]
60 99 [100,98]
60 100 [101,99]
60 101 [102,100]
60 52 [69,73,71,52,74,48,63]
60 53 [53,51,58,37,49,34,45]
60 54 [59,54,60,64,73,48,70]
60 55 [40,15,38,59,50,58,56]
60 56 [64,19,62,56,58,43,55]
60 57 [40,19,44,52,55,46,56]
60 58 [28,38,49,62,37,51,43]
60 59 [72,43,64,48,54,60,61]
60 60 [75,76,73,44,48,70,54]
60 61 [61,72,68,64,48,62,59]
60 62 [49,14,28,41,48,72,43]
60 63 [71,48,54,69,63,52,74]
60 64 [60,61,59,62,72,56,43]
60 65 [68,75,67,74,59,61,73]
60 66 [71,74,73,76,69,65,66]
60 67 [62,72,50,75,48,61,59]
60 68 [73,76,61,65,75,67,72]
60 69 [73,63,71,75,61,76,65]
60 70 [70,47,54,48,68,60,44]
60 71 [69,76,74,63,47,48,73]
60 72 [41,48,43,72,59,61,62]
60 73 [72,66,76,73,69,63,71]
60 74 [64,32,47,73,60,70,48]
60 75 [76,66,65,74,61,71,73]
60 76 [69,65,74,71,68,61,73]
60 1 [26,25,10,14,27,36,21]
60 2 [35,2,31,38,44,30,15]
60 3 [11,13,33,3,4,7,18]
60 4 [16,30,1,33,6,13,24]
60 5 [25,11,1,10,23,5,26]
60 6 [29,17,35,4,13,11,6]
60 7 [13,3,33,12,4,7,18]
60 8 [23,22,10,9,1,21,20]
60 9 [1,26,10,17,34,9,20]
60 10 [23,5,15,12,4,7,20]
60 11 [33,4,13,11,1,24,6]
60 12 [33,12,20,31,27,29,35]
60 13 [13,11,18,30,33,4,24]
60 14 [14,26,1,39,10,5,23]
60 15 [30,15,34,44,31,38,2]
60 16 [13,25,24,33,11,16,4]
60 17 [2,31,28,9,12,35,17]
60 18 [10,7,12,33,24,30,4]
60 19 [52,46,57,51,50,40,44]
60 20 [34,9,17,23,7,8,21]
60 21 [8,21,36,43,39,17,22]
60 22 [22,25,36,29,42,39,21]
60 23 [17,39,22,1,10,26,14]
60 24 [16,24,6,13,25,1,11]
60 25 [11,24,1,14,5,36,10]
60 26 [25,36,10,1,23,14,5]
60 27 [27,34,2,39,36,29,37]
60 28 [38,32,49,28,8,20,43]
60 29 [12,35,42,34,22,27,37]
60 30 [30,15,31,24,44,2,4]
60 31 [28,8,20,30,38,2,15]
60 32 [58,37,51,32,48,47,49]
60 33 [26,12,33,24,4,13,18]
60 34 [29,35,27,37,49,53,36]
60 35 [15,31,29,22,34,2,27]
60 36 [22,42,39,27,21,1,36]
60 37 [58,51,42,37,34,27,29]
60 38 [58,56,55,50,40,2,15]
60 39 [21,39,22,26,43,17,23]
60 40 [15,38,40,19,44,55,50]
60 41 [61,62,72,41,52,43,42]
60 42 [45,27,37,22,29,42,39]
60 43 [57,43,56,62,49,55,58]
60 44 [19,40,56,60,55,50,54]
60 45 [27,29,37,40,49,53,45]
60 46 [57,19,44,52,50,56,55]
60 47 [70,48,74,62,47,64,32]
60 48 [40,44,50,59,68,72,60]
60 49 [51,43,58,20,28,38,32]
60 50 [48,50,57,19,51,40,55]
60 51 [45,42,32,49,43,58,37]
80 77 [89,77,79,87,81,48,86]
80 78 [43,73,74,60,75,69,54]
80 79 [53,63,48,54,60,75,77]
80 80 [81,88,91,80,86,83,82]
80 81 [86,80,54,89,60,77,79]
80 82 [88,83,87,89,80,94,82]
80 83 [85,90,94,93,82,92,87]
80 84 [86,81,80,91,84,85,88]
80 85 [93,92,82,90,85,97,99]
80 86 [81,86,80,79,77,89,83]
80 87 [80,83,88,71,79,87,86]
80 88 [83,92,87,84,77,86,85]
80 89 [77,48,79,87,54,89,81]
80 90 [84,85,90,82,83,87,89]
80 91 [94,90,85,81,88,91,84]
80 92 [99,80,83,92,90,87,93]
80 93 [93,92,87,96,94,83,99]
80 94 [90,91,85,96,92,82,93]
80 95 [97,99,101,98,96,95,100]
80 96 [94,96,98,95,100,97,93]
80 97 [100,99,95,98,94,93,101]
80 98 [95,100,96,90,85,97,98]
80 99 [80,86,83,101,93,92,97]
80 100 [98,85,97,100,101,99,95]
80 101 [101,100,95,98,96,99,97]
80 52 [64,62,72,66,46,60,78]
80 53 [47,31,27,70,79,63,75]
80 54 [58,62,69,87,73,71,79]
80 55 [44,65,55,19,15,56,2]
80 56 [45,66,52,61,2,55,15]
80 57 [34,43,76,67,59,58,57]
80 58 [62,2,59,43,58,68,67]
80 59 [76,67,58,19,73,43,59]
80 60 [60,54,73,48,69,78,77]
80 61 [40,56,15,61,47,66,76]
80 62 [74,78,54,72,76,68,62]
80 63 [63,28,54,79,70,53,75]
80 64 [66,50,46,72,27,47,34]
80 65 [26,9,55,2,40,65,38]
80 66 [47,46,64,50,66,52,72]
80 67 [19,57,58,67,2,38,61]
80 68 [62,74,54,73,43,76,68]
80 69 [81,79,77,73,52,78,69]
80 70 [27,64,34,53,63,70,75]
80 71 [78,60,86,77,71,74,79]
80 72 [51,57,50,72,46,66,52]
80 73 [72,46,66,60,71,69,54]
80 74 [66,48,74,75,78,54,71]
80 75 [53,75,63,70,74,79,54]
80 76 [67,19,58,75,76,43,68]
80 1 [14,10,25,26,9,22,1]
80 2 [9,41,19,56,55,2,61]
80 3 [13,11,24,16,18,33,3]
80 4 [33,7,13,18,16,11,4]
80 5 [31,23,14,49,24,5,32]
80 6 [18,39,13,11,8,4,24]
80 7 [30,33,16,4,7,18,24]
80 8 [12,27,39,14,36,8,24]
80 9 [55,44,19,51,49,65,9]
80 10 [20,35,37,42,29,10,25]
80 11 [25,29,42,12,6,24,39]
80 12 [27,11,39,34,47,64,70]
80 13 [11,6,24,7,18,33,4]
80 14 [24,5,20,14,35,25,8]
80 15 [55,56,66,52,19,15,61]
80 16 [33,30,6,4,18,11,3]
80 17 [17,26,23,16,35,22,6]
80 18 [39,18,13,30,7,33,11]
80 19 [61,2,65,9,41,55,44]
80 20 [25,17,35,7,24,20,6]
80 21 [23,32,47,31,40,5,21]
80 22 [22,25,17,1,9,23,14]
80 23 [21,23,31,35,32,25,14]
80 24 [33,3,4,13,39,11,6]
80 25 [22,1,8,20,14,10,35]
80 26 [49,65,1,55,22,9,23]
80 27 [11,12,39,36,64,27,34]
80 28 [32,21,28,58,50,51,49]
80 29 [35,25,42,29,30,37,10]
80 30 [11,3,16,7,33,13,18]
80 31 [31,27,21,46,36,12,47]
80 32 [23,5,32,21,51,38,40]
80 33 [33,13,7,24,6,18,30]
80 34 [75,70,34,36,27,72,64]
80 35 [35,42,22,17,14,11,25]
80 36 [8,31,53,12,24,39,36]
80 37 [25,10,30,35,42,37,29]
80 38 [67,38,61,51,15,2,40]
80 39 [18,3,13,12,14,8,24]
80 40 [56,61,15,45,2,65,38]
80 41 [51,19,43,58,41,44,45]
80 42 [10,4,42,39,37,29,11]
80 43 [61,47,76,57,54,73,59]
80 44 [51,19,52,45,38,65,55]
80 45 [66,72,52,45,41,44,15]
80 46 [46,34,64,72,66,50,47]
80 47 [50,46,21,34,47,72,64]
80 48 [54,71,74,46,66,77,78]
80 49 [9,49,65,75,50,51,28]
80 50 [66,52,72,58,46,51,57]
80 51 [51,19,65,21,55,44,49]
100 102 [85,82,101,102,83,90,95]
100 103 [95,88,101,103,92,99,98]
100 104 [112,107,110,109,108,105,104]
100 105 [105,112,106,109,108,104,107]
100 106 [107,104,105,109,108,110,112]
100 107 [106,115,108,107,112,105,104]
100 108 [111,109,104,110,105,108,106]
100 109 [115,114,113,106,110,111,108]
100 110 [109,114,113,106,115,110,112]
100 111 [114,112,106,111,110,109,113]
100 112 [111,113,114,112,110,109,115]
100 113 [111,117,116,112,114,113,115]
100 114 [110,112,116,115,114,111,113]
100 115 [115,117,110,114,118,116,111]
100 116 [121,116,118,117,122,120,119]
100 117 [116,120,119,113,117,115,111]
100 118 [119,121,124,118,117,116,120]
100 119 [115,117,121,122,118,116,120]
100 120 [118,121,124,120,117,119,122]
100 121 [116,120,119,121,125,123,118]
100 122 [118,120,119,123,117,122,124]
100 123 [127,123,125,126,120,122,124]
100 124 [118,119,120,123,125,122,124]
100 125 [123,122,124,125,128,126,127]
100 126 [127,124,125,126,128]
100 127 [126,128,122,127,123,125]
100 128 [121,122,123,128,126,125,127]
100 77 [52,48,96,91,45,84,86]
100 78 [55,78,28,52,2,72,27]
100 79 [56,15,51,69,55,67,93]
100 80 [15,76,12,84,56,46,80]
100 81 [53,81,75,13,74,82,63]
100 82 [85,82,96,101,40,90,31]
100 83 [99,83,92,103,102,101,100]
100 84 [89,84,48,80,96,87,93]
100 85 [51,76,80,85,84,96,82]
100 86 [8,43,57,54,66,10,86]
100 87 [90,99,88,85,67,89,48]
100 88 [40,101,95,83,102,90,99]
100 89 [84,48,67,89,77,74,87]
100 90 [40,83,101,95,99,88,102]
100 91 [89,91,93,74,71,62,68]
100 92 [102,101,83,100,92,94,99]
100 93 [34,44,51,69,49,93,79]
100 94 [100,83,94,90,97,92,99]
100 95 [88,90,101,83,99,94,102]
100 96 [12,52,84,80,86,77,85]
100 97 [101,102,95,83,100,48,87]
100 98 [83,92,99,97,98,100,88]
100 99 [88,102,90,101,97,94,100]
100 100 [103,98,95,97,99,94,100]
100 101 [99,98,103,94,102,95,88]
100 52 [48,77,96,87,52,84,93]
100 53 [13,73,6,75,82,81,63]
100 54 [43,47,54,69,67,68,62]
100 55 [27,78,52,69,2,55,67]
100 56 [15,51,46,56,45,76,58]
100 57 [56,68,45,47,43,15,41]
100 58 [62,58,79,76,15,93,56]
100 59 [10,19,38,14,27,42,36]
100 60 [60,28,78,50,12,41,72]
100 61 [36,27,50,51,8,70,61]
100 62 [58,93,79,62,45,68,89]
100 63 [22,35,20,53,39,12,81]
100 64 [21,64,63,27,70,53,39]
100 65 [23,32,26,10,8,17,35]
100 66 [43,57,70,14,66,8,13]
100 67 [78,55,48,52,88,89,67]
100 68 [54,86,89,57,68,62,45]
100 69 [69,54,86,48,79,62,67]
100 70 [36,27,17,39,8,51,61]
100 71 [74,87,89,59,9,91,68]
100 72 [60,50,72,28,44,49,78]
100 73 [8,66,17,20,73,6,3]
100 74 [46,71,68,75,87,89,77]
100 75 [75,81,13,53,28,41,45]
100 76 [36,76,42,84,64,46,80]
100 1 [6,30,1,37,19,10,11]
100 2 [34,50,64,78,55,13,2]
100 3 [20,33,66,11,16,18,5]
100 4 [11,22,24,29,7,18,16]
100 5 [11,16,5,33,24,18,3]
100 6 [81,63,53,12,13,66,73]
100 7 [37,16,4,35,25,23,17]
100 8 [43,86,57,70,13,8,66]
100 9 [47,43,68,71,29,9,59]
100 10 [19,29,38,35,37,11,1]
100 11 [6,73,11,30,1,3,32]
100 12 [52,96,84,53,80,46,13]
100 13 [45,80,46,53,73,6,12]
100 14 [32,38,1,4,12,13,25]
100 15 [56,58,76,79,93,31,51]
100 16 [5,16,18,3,7,24,11]
100 17 [20,30,35,8,23,65,17]
100 18 [7,11,5,35,33,3,16]
100 19 [9,71,59,1,36,29,38]
100 20 [12,81,63,4,22,7,35]
100 21 [3,33,20,7,35,39,63]
100 22 [65,10,35,22,7,20,4]
100 23 [23,26,8,17,65,11,32]
100 24 [7,37,4,5,24,16,18]
100 25 [14,12,13,39,4,10,1]
100 26 [32,17,21,20,26,65,23]
100 27 [39,8,70,60,72,78,27]
100 28 [28,74,60,12,78,72,41]
100 29 [29,9,43,14,59,19,38]
100 30 [10,1,11,35,30,13,6]
100 31 [44,93,31,84,52,96,82]
100 32 [38,25,1,23,30,11,32]
100 33 [35,63,21,11,20,33,3]
100 34 [70,39,8,34,42,36,64]
100 35 [63,40,21,11,26,20,7]
100 36 [76,46,42,27,25,38,59]
100 37 [16,22,4,35,38,40,29]
100 38 [19,9,59,10,25,1,29]
100 39 [34,17,12,63,8,70,64]
100 40 [83,101,35,32,54,90,21]
100 41 [41,75,52,12,53,28,45]
100 42 [59,42,36,64,29,27,25]
100 43 [43,15,58,47,56,10,57]
100 44 [79,93,64,34,44,31,2]
100 45 [15,41,57,76,46,56,68]
100 46 [46,56,6,12,13,45,80]
100 47 [69,67,54,57,72,47,43]
100 48 [48,93,84,74,89,96,87]
100 49 [49,50,28,64,78,72,44]
100 50 [13,2,44,51,34,64,49]
100 51 [45,58,56,93,82,31,15]
120 105 [116,115,105,106,125,117,104]
120 106 [106,110,107,108,111,109,113]
120 108 [113,108,121,107,111,116,106]
120 110 [110,106,112,104,111,108,107]
120 114 [105,115,119,110,113,122,121]
120 115 [121,114,104,115,110,113,105]
120 117 [116,121,104,105,120,125,115]
120 118 [115,113,126,118,121,119,124]
120 121 [105,117,120,122,119,125,116]
120 124 [128,122,120,124,123,127,118]
120 125 [123,125,124,117,105,116,120]
120 126 [127,128,117,125,122,120,123]
120 127 [120,119,122,123,124,127,128]
120 77 [60,26,92,67,77,89,15]
120 78 [29,78,68,37,21,24,11]
120 83 [80,79,44,96,14,83,31]
120 87 [74,87,89,90,92,48,60]
120 88 [71,91,103,45,40,88,96]
120 92 [92,49,99,60,28,82,27]
120 95 [95,69,98,70,27,58,39]
120 97 [99,76,102,97,95,103,94]
120 99 [99,100,72,92,28,103,98]
120 101 [101,15,25,102,90,94,46]
120 53 [85,55,95,53,66,56,1]
120 54 [52,79,34,50,54,62,35]
120 56 [47,8,43,66,1,72,56]
120 59 [21,65,30,23,5,18,36]
120 60 [26,92,96,82,74,87,48]
120 61 [99,103,98,5,61,7,81]
120 65 [65,19,73,14,10,32,23]
120 67 [77,15,89,40,90,93,94]
120 68 [11,78,5,29,21,2,55]
120 1 [37,1,3,86,53,33,16]
120 7 [78,21,7,73,6,61,81]
120 8 [47,72,51,57,39,27,13]
120 13 [51,43,8,57,45,25,13]
120 16 [92,12,38,49,3,1,16]
120 19 [63,73,85,32,18,41,19]
120 23 [23,18,19,65,5,20,59]
120 24 [9,4,81,50,33,24,2]
120 25 [51,8,15,7,45,13,23]
120 27 [92,82,49,95,39,55,8]
120 29 [78,55,68,37,18,59,5]
120 32 [42,10,30,65,32,85,41]
120 33 [32,30,14,6,86,84,4]
120 36 [3,37,42,30,20,59,36]
120 37 [29,9,5,59,38,1,3]
120 41 [85,63,38,26,65,41,32]
120 43 [1,56,89,43,15,47,8]
120 44 [71,79,82,100,31,80,34]
120 49 [55,8,27,48,49,92,82]
120 50 [54,34,62,55,58,69,64]
140 105 [126,114,115,117,106,124,125]
140 106 [115,124,106,105,117,118,126]
140 108 [121,114,127,108,115,110,125]
140 110 [105,125,106,114,124,108,115]
140 114 [115,126,106,110,127,108,114]
140 115 [126,105,124,108,117,127,110]
140 117 [125,121,105,117,126,108,127]
140 118 [121,126,115,125,127,118,108]
140 121 [125,114,118,117,106,126,127]
140 124 [117,127,114,105,110,124,115]
140 125 [108,115,110,127,125,105,117]
140 126 [124,125,105,108,118,126,121]
140 127 [108,105,125,110,114,121,118]
140 77 [60,12,92,77,97,87,67]
140 78 [19,50,41,78,37,32,54]
140 83 [83,26,85,14,31,44,34]
140 87 [60,74,67,92,87,97,77]
140 88 [88,71,45,96,14,91,40]
140 92 [53,43,87,67,1,13,16]
140 95 [60,25,99,95,56,49,27]
140 97 [77,87,97,56,95,60,67]
140 99 [49,27,95,87,60,25,61]
140 101 [65,33,101,68,23,19,25]
140 53 [16,53,43,13,95,92,1]
140 54 [101,23,19,54,24,33,78]
140 56 [56,99,7,60,27,95,49]
140 59 [24,19,101,33,29,41,54]
140 60 [77,87,60,67,61,99,97]
140 61 [56,95,49,27,7,8,99]
140 65 [25,68,65,33,59,36,29]
140 67 [77,60,92,89,67,87,97]
140 68 [25,65,33,29,32,37,36]
140 1 [13,97,1,95,92,43,53]
140 7 [7,56,49,8,60,95,99]
140 8 [49,7,97,95,27,61,8]
140 13 [43,13,92,1,41,19,59]
140 16 [1,43,53,16,92,77,67]
140 19 [50,41,29,23,19,101,59]
140 23 [99,101,25,65,59,36,29]
140 24 [59,24,78,32,33,19,101]
140 25 [68,25,65,33,61,99,101]
140 27 [95,49,27,8,56,7,61]
140 29 [65,36,54,101,59,25,23]
140 32 [33,41,78,50,32,54,37]
140 33 [41,32,78,54,37,50,68]
140 36 [37,36,68,65,59,33,29]
140 37 [78,24,33,37,36,68,32]
140 41 [32,54,78,101,59,19,50]
140 43 [43,92,1,53,67,16,13]
140 44 [83,71,31,79,80,44,34]
140 49 [61,49,8,99,27,95,56]
140 50 [19,41,24,32,50,54,78]
160 174 [133,174,159,170,131,130,32]
160 173 [155,138,131,173,169,170,32]
160 172 [172,171,153,151,155,170,32]
160 171 [152,171,153,32,151,172,154]
160 170 [151,170,32,171,169,131,173]
160 169 [164,166,32,158,169,168,167]
160 168 [166,168,165,169,158,161,167]
160 167 [140,133,32,168,166,164,169]
160 166 [168,167,169,161,163,164,166]
160 165 [162,163,158,159,156,154,32]
160 164 [133,174,159,166,168,167,32]
160 163 [165,163,161,159,160,164,162]
160 162 [165,163,162,156,32,160,164]
160 161 [167,132,161,135,149,32,166]
160 160 [149,136,32,133,162,164,159]
160 159 [130,131,174,160,159,32,133]
160 158 [166,168,157,32,165,158,167]
160 157 [136,137,135,138,160,157,32]
160 156 [154,150,149,155,32,153,152]
160 155 [138,132,131,155,95,173,33]
160 154 [157,173,152,153,140,138,32]
160 153 [172,153,171,154,170,156,152]
160 152 [152,32,150,154,171,153,156]
160 151 [144,143,145,142,146,172,171]
160 150 [156,32,154,152,150,149,148]
160 149 [136,139,32,149,164,148,135]
160 148 [148,149,150,147,32]
160 147 [145,146,147,134,142,139,144]
160 146 [139,134,143,144,171,172,151]
160 145 [144,146,32,143,151,134,142]
160 144 [145,142,134,143,144,147,151]
160 143 [151,143,146,147,142,139,134]
160 142 [146,172,151,134,147,144,145]
160 141 [144,145,134,130,139,141,142]
160 140 [133,130,32,137,134,136,138]
160 139 [134,146,143,32,144,147,142]
160 138 [167,137,140,138,153,32,154]
160 137 [167,140,32,158,163,165,135]
160 136 [139,161,32,134,138,140,136]
160 135 [32,157,143,134,136,137,135]
160 134 [142,141,147,151,144,145,143]
160 133 [130,172,32,156,160,174,159]
160 132 [159,160,32,133,131,174,132]
160 131 [131,153,32,169,152,171,173]
160 130 [172,160,32,141,139,130,142]
160 105 [118,124,117,127,105,114,106]
160 106 [115,110,106,117,125,108,126]
160 108 [121,127,106,118,125,126,110]
160 110 [115,124,110,117,125,126,108]
160 114 [126,125,115,114,105,106,127]
160 115 [124,110,121,117,126,125,115]
160 117 [105,118,125,126,106,124,114]
160 118 [126,124,117,125,106,105,118]
160 121 [127,110,106,108,117,118,126]
160 124 [126,108,110,117,121,125,118]
160 125 [114,117,110,121,118,124,126]
160 126 [105,121,126,117,108,110,125]
160 127 [110,106,121,127,124,114,105]
160 77 [53,1,60,7,67,97,77]
160 78 [8,87,1,29,23,92,43]
160 83 [34,44,26,85,14,31,83]
160 87 [43,78,50,53,87,61,8]
160 88 [88,71,45,96,14,91,40]
160 92 [53,60,1,43,7,13,67]
160 95 [168,169,24,33,131,173,37]
160 97 [67,97,7,60,77,87,8]
160 99 [1,68,67,92,49,54,99]
160 101 [16,92,7,65,56,49,19]
160 53 [99,67,97,53,1,60,87]
160 54 [13,8,49,67,59,29,99]
160 56 [49,101,1,68,61,65,19]
160 59 [43,65,78,25,59,29,37]
160 60 [1,7,92,67,43,87,53]
160 61 [24,33,95,49,61,27,65]
160 65 [8,56,61,68,43,78,13]
160 67 [60,77,97,7,92,99,67]
160 68 [92,99,19,24,77,1,54]
160 1 [7,97,43,67,13,92,60]
160 7 [56,49,101,43,13,16,92]
160 8 [56,49,8,61,27,87,78]
160 13 [49,56,65,101,68,19,16]
160 16 [87,13,50,92,7,43,16]
160 19 [56,65,68,19,24,41,25]
160 23 [54,29,50,25,23,36,78]
160 24 [68,24,54,29,1,25,41]
160 25 [29,59,37,24,68,19,41]
160 27 [56,101,65,8,87,61,27]
160 29 [78,23,99,49,54,29,59]
160 32 [165,135,137,164,169,167,140]
160 33 [155,95,173,32,29,33,59]
160 36 [24,37,41,25,33,95,36]
160 37 [37,41,50,25,29,24,59]
160 41 [41,37,59,54,24,36,25]
160 43 [65,78,87,7,23,43,92]
160 44 [83,44,34,79,31,80,71]
160 49 [27,87,8,54,65,19,56]
160 50 [7,16,78,50,53,87,13]
180 174 [155,131,165,137,168,161,167]
180 173 [171,142,160,134,33,156,146]
180 172 [151,165,153,162,156,134,135]
180 171 [146,167,171,154,152,142,130]
180 170 [78,170,24,133,1,37,154]
180 169 [153,169,147,145,151,141,131]
180 168 [145,174,167,153,131,164,165]
180 167 [161,164,168,137,152,145,174]
180 166 [174,161,165,131,148,163,158]
180 165 [151,147,143,168,165,153,161]
180 164 [168,131,164,174,156,172,137]
180 163 [158,141,160,172,144,162,164]
180 162 [95,150,172,133,162,32,135]
180 161 [169,141,131,153,164,168,165]
180 160 [167,152,145,162,164,163,158]
180 159 [142,137,144,159,167,133,132]
180 158 [155,138,166,163,141,160,158]
180 157 [25,139,54,173,149,60,157]
180 156 [149,164,172,95,32,144,134]
180 155 [131,165,136,138,140,161,166]
180 154 [24,154,173,149,130,170,142]
180 153 [169,153,147,161,140,151,165]
180 152 [166,131,158,130,154,142,169]
180 151 [165,153,145,151,141,143,147]
180 150 [146,159,135,133,95,150,32]
180 149 [164,156,172,134,147,151,153]
180 148 [158,155,166,160,148,165,163]
180 147 [141,149,151,169,145,147,143]
180 146 [167,144,171,138,132,159,130]
180 145 [163,158,160,140,174,167,152]
180 144 [155,130,136,172,135,174,162]
180 143 [136,155,145,149,160,152,153]
180 142 [137,160,144,171,173,146,169]
180 141 [149,147,151,163,141,158,160]
180 140 [145,153,140,161,136,155,165]
180 139 [139,25,29,156,173,78,54]
180 138 [162,150,158,131,166,133,148]
180 137 [95,171,130,137,160,144,167]
180 136 [136,145,174,164,169,147,155]
180 135 [162,150,32,167,144,135,174]
180 134 [7,95,156,101,53,99,92]
180 133 [134,7,95,154,135,132,150]
180 132 [163,144,162,159,172,135,150]
180 131 [166,174,165,168,163,164,158]
180 130 [142,173,146,171,159,160,144]
180 105 [121,126,106,124,117,108,125]
180 106 [106,121,114,127,117,126,105]
180 108 [117,108,110,106,125,105,114]
180 110 [114,108,126,117,115,127,110]
180 114 [108,125,105,114,115,127,106]
180 115 [126,121,118,106,124,115,127]
180 117 [105,117,108,127,126,124,110]
180 118 [114,127,125,105,110,117,115]
180 121 [125,105,126,114,118,124,121]
180 124 [105,125,118,115,126,121,124]
180 125 [114,108,105,126,106,118,117]
180 126 [118,110,125,117,126,121,114]
180 127 [117,118,110,114,127,115,126]
180 77 [77,67,61,13,97,16,7]
180 78 [154,170,25,78,37,68,24]
180 83 [34,83,26,85,31,14,44]
180 87 [36,56,97,13,77,87,53]
180 88 [88,71,45,96,14,91,40]
180 92 [7,134,92,41,95,99,67]
180 95 [171,146,130,132,133,95,150]
180 97 [43,27,65,8,7,56,59]
180 99 [16,65,23,99,7,49,61]
180 101 [1,59,7,29,99,61,92]
180 53 [1,53,77,67,92,99,97]
180 54 [60,157,78,68,25,156,139]
180 56 [29,78,68,23,59,97,65]
180 59 [67,1,37,87,8,97,7]
180 60 [154,149,54,59,60,157,33]
180 61 [99,16,49,19,37,61,41]
180 65 [56,59,97,65,43,27,41]
180 67 [54,60,7,16,97,1,77]
180 68 [68,29,65,27,24,97,19]
180 1 [53,61,77,1,7,67,97]
180 7 [7,95,67,61,101,134,92]
180 8 [8,41,53,59,61,36,97]
180 13 [16,87,53,49,65,29,56]
180 16 [65,16,23,77,87,53,49]
180 19 [23,19,16,65,27,50,43]
180 23 [49,61,99,53,16,56,65]
180 24 [32,138,133,68,170,154,78]
180 25 [25,139,54,173,29,59,78]
180 27 [101,99,61,27,43,19,65]
180 29 [78,37,68,24,65,19,97]
180 32 [174,135,162,32,150,133,138]
180 33 [33,156,139,59,134,157,173]
180 36 [56,59,97,25,61,41,78]
180 37 [49,36,37,24,154,170,1]
180 41 [27,101,61,78,97,8,36]
180 43 [43,65,8,19,56,41,27]
180 44 [44,71,31,79,80,34,83]
180 49 [97,13,56,23,61,99,16]
180 50 [68,27,19,13,77,16,50]
