0 
0 1.9607843137254901 0.19410774385513058 
<<<<<<< Updated upstream
20 
20 7.0 2.400980191995124 
40 
40 6.934210526315789 2.429725598086018 
60 5.752475247524752 2.9329333155640858 
80 
80 7.0 2.1800172585382787 
100 
100 6.9765625 2.550933786595362 
120 
120 7.0 4.4458548109446845 
140 
140 7.0 5.577577879330776 
160 
160 6.907216494845361 5.200098690793166 
180 
180 6.969072164948454 4.931948867547925 
=======
20 7.0 1.7932334690468512 
40 6.9605263157894735 2.179091973335418 
60 5.752475247524752 3.100322374148331 
80 6.97029702970297 2.475445536634297 
100 6.953125 2.2976189271450127 
120 3.3076923076923075 1.760009413638085 
140 6.884615384615385 1.9080179622788402 
160 6.927835051546392 4.169717592059955 
180 6.938144329896907 2.099653545253769 
>>>>>>> Stashed changes
